Location,Age,Sex,Measure,Metric,Pathogen,Antibiotic class,Counterfactual,Year,Value,Upper,Lower
Armenia,85 to 89,Both sexes,DALYs (Disability-Adjusted Life Years),Number,Acinetobacter baumannii,Carbapenems,Associated,1990,57.486212269870336,78.81193287831628,36.16049166142439
Armenia,85 to 89,Both sexes,DALYs (Disability-Adjusted Life Years),Number,Acinetobacter baumannii,Carbapenems,Associated,1991,60.73616560008511,87.0369275013485,34.435403698821716
Armenia,85 to 89,Both sexes,DALYs (Disability-Adjusted Life Years),Number,Acinetobacter baumannii,Carbapenems,Associated,1992,67.73555928346642,94.69267956593012,40.77843900100271
Armenia,85 to 89,Both sexes,DALYs (Disability-Adjusted Life Years),Number,Acinetobacter baumannii,Carbapenems,Associated,1993,69.24531057007317,96.89591254981532,41.594708590331024
Armenia,85 to 89,Both sexes,DALYs (Disability-Adjusted Life Years),Number,Acinetobacter baumannii,Carbapenems,Associated,1994,66.84957009036762,93.38867410409571,40.310466076639536
Armenia,85 to 89,Both sexes,DALYs (Disability-Adjusted Life Years),Number,Acinetobacter baumannii,Carbapenems,Associated,1995,63.2251651268488,88.08224907519318,38.368081178504426
Armenia,85 to 89,Both sexes,DALYs (Disability-Adjusted Life Years),Number,Acinetobacter baumannii,Carbapenems,Associated,1996,62.3213741086572,86.51843496387193,38.12431325344248
Armenia,85 to 89,Both sexes,DALYs (Disability-Adjusted Life Years),Number,Acinetobacter baumannii,Carbapenems,Associated,1997,59.10802001824919,80.8594016916165,37.35663834488189
Armenia,85 to 89,Both sexes,DALYs (Disability-Adjusted Life Years),Number,Acinetobacter baumannii,Carbapenems,Associated,1998,60.01942136679957,85.17733339716207,34.86150933643706
Armenia,85 to 89,Both sexes,DALYs (Disability-Adjusted Life Years),Number,Acinetobacter baumannii,Carbapenems,Associated,1999,62.30389346111272,86.3462798024834,38.26150711974205
Armenia,85 to 89,Both sexes,DALYs (Disability-Adjusted Life Years),Number,Acinetobacter baumannii,Carbapenems,Associated,2000,61.733081852102515,81.21763381025642,42.24852989394861
Armenia,85 to 89,Both sexes,DALYs (Disability-Adjusted Life Years),Number,Acinetobacter baumannii,Carbapenems,Associated,2001,62.933256939646505,83.51292789357521,42.3535859857178
Armenia,85 to 89,Both sexes,DALYs (Disability-Adjusted Life Years),Number,Acinetobacter baumannii,Carbapenems,Associated,2002,60.52906014116125,82.90697850291728,38.15114177940522
Armenia,85 to 89,Both sexes,DALYs (Disability-Adjusted Life Years),Number,Acinetobacter baumannii,Carbapenems,Associated,2003,58.95740198483698,76.1461569027749,41.76864706689905
Armenia,85 to 89,Both sexes,DALYs (Disability-Adjusted Life Years),Number,Acinetobacter baumannii,Carbapenems,Associated,2004,54.20064136771016,71.35963533194531,37.04164740347501
Armenia,85 to 89,Both sexes,DALYs (Disability-Adjusted Life Years),Number,Acinetobacter baumannii,Carbapenems,Associated,2005,58.21680969635734,77.45618568113447,38.977433711580204
Armenia,85 to 89,Both sexes,DALYs (Disability-Adjusted Life Years),Number,Acinetobacter baumannii,Carbapenems,Associated,2006,63.53511682901896,81.6513699665022,45.41886369153572
Armenia,85 to 89,Both sexes,DALYs (Disability-Adjusted Life Years),Number,Acinetobacter baumannii,Carbapenems,Associated,2007,70.07234385097846,87.39894520395873,52.74574249799817
Armenia,85 to 89,Both sexes,DALYs (Disability-Adjusted Life Years),Number,Acinetobacter baumannii,Carbapenems,Associated,2008,76.10346508304949,94.59402862564298,57.612901540455994
Armenia,85 to 89,Both sexes,DALYs (Disability-Adjusted Life Years),Number,Acinetobacter baumannii,Carbapenems,Associated,2009,87.3373292225568,108.81094363723518,65.86371480787842
Armenia,85 to 89,Both sexes,DALYs (Disability-Adjusted Life Years),Number,Acinetobacter baumannii,Carbapenems,Associated,2010,107.19790639540453,130.92532850359154,83.4704842872175
Armenia,85 to 89,Both sexes,DALYs (Disability-Adjusted Life Years),Number,Acinetobacter baumannii,Carbapenems,Associated,2011,124.7494704843202,152.33390340075252,97.1650375678879
Armenia,85 to 89,Both sexes,DALYs (Disability-Adjusted Life Years),Number,Acinetobacter baumannii,Carbapenems,Associated,2012,146.12767040067695,179.82254823040796,112.43279257094594
Armenia,85 to 89,Both sexes,DALYs (Disability-Adjusted Life Years),Number,Acinetobacter baumannii,Carbapenems,Associated,2013,164.07214778098853,198.69699360775832,129.44730195421874
Armenia,85 to 89,Both sexes,DALYs (Disability-Adjusted Life Years),Number,Acinetobacter baumannii,Carbapenems,Associated,2014,183.77276279012415,222.33640226768193,145.20912331256636
Armenia,85 to 89,Both sexes,DALYs (Disability-Adjusted Life Years),Number,Acinetobacter baumannii,Carbapenems,Associated,2015,192.16530396290383,236.47271335436884,147.85789457143883
Armenia,85 to 89,Both sexes,DALYs (Disability-Adjusted Life Years),Number,Acinetobacter baumannii,Carbapenems,Associated,2016,185.13441762983268,219.0748586351554,151.19397662450996
Armenia,85 to 89,Both sexes,DALYs (Disability-Adjusted Life Years),Number,Acinetobacter baumannii,Carbapenems,Associated,2017,172.06030128498435,203.11718534576607,141.00341722420262
Armenia,85 to 89,Both sexes,DALYs (Disability-Adjusted Life Years),Number,Acinetobacter baumannii,Carbapenems,Associated,2018,154.1419945236482,185.51654909003807,122.76743995725835
Armenia,85 to 89,Both sexes,DALYs (Disability-Adjusted Life Years),Number,Acinetobacter baumannii,Carbapenems,Associated,2019,139.95473968850263,167.70775247760218,112.20172689940307
Armenia,85 to 89,Both sexes,DALYs (Disability-Adjusted Life Years),Number,Acinetobacter baumannii,Carbapenems,Associated,2020,135.0424844549688,157.48457907560805,112.60038983432953
Armenia,85 to 89,Both sexes,DALYs (Disability-Adjusted Life Years),Number,Acinetobacter baumannii,Carbapenems,Associated,2021,127.61804907058254,154.60254525320113,100.63355288796397
Armenia,85 to 89,Both sexes,DALYs (Disability-Adjusted Life Years),Number,Enterobacter spp.,Carbapenems,Associated,1990,3.0231760495218163,6.116407200408089,1.1030475926588639
Armenia,85 to 89,Both sexes,DALYs (Disability-Adjusted Life Years),Number,Enterobacter spp.,Carbapenems,Associated,1991,3.1867980100813087,6.861177256517264,1.129457051499345
Armenia,85 to 89,Both sexes,DALYs (Disability-Adjusted Life Years),Number,Enterobacter spp.,Carbapenems,Associated,1992,3.7017122482123646,7.497326523098919,1.36559386624794
Armenia,85 to 89,Both sexes,DALYs (Disability-Adjusted Life Years),Number,Enterobacter spp.,Carbapenems,Associated,1993,3.724519084567164,7.422980376496896,0.02605779263743191
Armenia,85 to 89,Both sexes,DALYs (Disability-Adjusted Life Years),Number,Enterobacter spp.,Carbapenems,Associated,1994,3.450563630147508,6.741709976059557,0.15941728423545998
Armenia,85 to 89,Both sexes,DALYs (Disability-Adjusted Life Years),Number,Enterobacter spp.,Carbapenems,Associated,1995,3.3289094487844224,6.590263590361918,0.06755530720692704
Armenia,85 to 89,Both sexes,DALYs (Disability-Adjusted Life Years),Number,Enterobacter spp.,Carbapenems,Associated,1996,3.3385574729119987,6.501951059373339,0.17516388645065817
Armenia,85 to 89,Both sexes,DALYs (Disability-Adjusted Life Years),Number,Enterobacter spp.,Carbapenems,Associated,1997,3.1738276129530574,6.1622861332203165,0.18536909268579782
Armenia,85 to 89,Both sexes,DALYs (Disability-Adjusted Life Years),Number,Enterobacter spp.,Carbapenems,Associated,1998,3.0356303452941065,6.080810672273971,1.1491094562849429
Armenia,85 to 89,Both sexes,DALYs (Disability-Adjusted Life Years),Number,Enterobacter spp.,Carbapenems,Associated,1999,3.199775730349388,6.194530173418337,0.2050212872804389
Armenia,85 to 89,Both sexes,DALYs (Disability-Adjusted Life Years),Number,Enterobacter spp.,Carbapenems,Associated,2000,3.273679764271404,6.161067403592836,0.3862921249499722
Armenia,85 to 89,Both sexes,DALYs (Disability-Adjusted Life Years),Number,Enterobacter spp.,Carbapenems,Associated,2001,3.336263162132205,6.481725133612882,0.19080119065152834
Armenia,85 to 89,Both sexes,DALYs (Disability-Adjusted Life Years),Number,Enterobacter spp.,Carbapenems,Associated,2002,3.3394141234761805,6.484313653467831,0.19451459348452982
Armenia,85 to 89,Both sexes,DALYs (Disability-Adjusted Life Years),Number,Enterobacter spp.,Carbapenems,Associated,2003,3.269301210225803,6.092265830742775,0.44633658970883117
Armenia,85 to 89,Both sexes,DALYs (Disability-Adjusted Life Years),Number,Enterobacter spp.,Carbapenems,Associated,2004,2.9978710263677275,5.706111397711945,0.2896306550235095
Armenia,85 to 89,Both sexes,DALYs (Disability-Adjusted Life Years),Number,Enterobacter spp.,Carbapenems,Associated,2005,3.144106366512931,5.882829032768804,0.40538370025705817
Armenia,85 to 89,Both sexes,DALYs (Disability-Adjusted Life Years),Number,Enterobacter spp.,Carbapenems,Associated,2006,3.3194567627025924,6.116068739273051,0.5228447861321337
Armenia,85 to 89,Both sexes,DALYs (Disability-Adjusted Life Years),Number,Enterobacter spp.,Carbapenems,Associated,2007,3.3340596178723985,6.290990723998577,0.3771285117462191
Armenia,85 to 89,Both sexes,DALYs (Disability-Adjusted Life Years),Number,Enterobacter spp.,Carbapenems,Associated,2008,3.6587538890415634,6.798375415286266,0.5191323627968605
Armenia,85 to 89,Both sexes,DALYs (Disability-Adjusted Life Years),Number,Enterobacter spp.,Carbapenems,Associated,2009,4.4180397661004465,8.259694313043534,0.5763852191573591
Armenia,85 to 89,Both sexes,DALYs (Disability-Adjusted Life Years),Number,Enterobacter spp.,Carbapenems,Associated,2010,5.728399000846366,10.78177792385696,0.6750200778357724
Armenia,85 to 89,Both sexes,DALYs (Disability-Adjusted Life Years),Number,Enterobacter spp.,Carbapenems,Associated,2011,8.028796211805439,15.2638839035626,0.7937085200482761
Armenia,85 to 89,Both sexes,DALYs (Disability-Adjusted Life Years),Number,Enterobacter spp.,Carbapenems,Associated,2012,11.140711093390042,20.80010437891971,1.4813178078603748
Armenia,85 to 89,Both sexes,DALYs (Disability-Adjusted Life Years),Number,Enterobacter spp.,Carbapenems,Associated,2013,13.684048026917907,25.648007283748562,1.7200887700872514
Armenia,85 to 89,Both sexes,DALYs (Disability-Adjusted Life Years),Number,Enterobacter spp.,Carbapenems,Associated,2014,15.503418218891078,29.719478699159257,1.287357738622898
Armenia,85 to 89,Both sexes,DALYs (Disability-Adjusted Life Years),Number,Enterobacter spp.,Carbapenems,Associated,2015,17.211311537763308,32.67151228392373,1.7511107916028852
Armenia,85 to 89,Both sexes,DALYs (Disability-Adjusted Life Years),Number,Enterobacter spp.,Carbapenems,Associated,2016,17.05859345515058,32.2028996393356,1.9142872709655627
Armenia,85 to 89,Both sexes,DALYs (Disability-Adjusted Life Years),Number,Enterobacter spp.,Carbapenems,Associated,2017,15.781973569621996,29.67990448108956,1.8840426581544314
Armenia,85 to 89,Both sexes,DALYs (Disability-Adjusted Life Years),Number,Enterobacter spp.,Carbapenems,Associated,2018,14.356229460536005,26.920899798705875,1.7915591223661345
Armenia,85 to 89,Both sexes,DALYs (Disability-Adjusted Life Years),Number,Enterobacter spp.,Carbapenems,Associated,2019,12.763269280792752,23.989813594117372,1.5367249674681318
Armenia,85 to 89,Both sexes,DALYs (Disability-Adjusted Life Years),Number,Enterobacter spp.,Carbapenems,Associated,2020,12.595579781839824,22.967845290320092,2.2233142733595574
Armenia,85 to 89,Both sexes,DALYs (Disability-Adjusted Life Years),Number,Enterobacter spp.,Carbapenems,Associated,2021,12.420944840918983,23.48069924379851,1.3611904380394524
Armenia,85 to 89,Both sexes,DALYs (Disability-Adjusted Life Years),Number,Escherichia coli,Carbapenems,Associated,1990,10.46997335872809,25.243713861329333,2.581707371623729
Armenia,85 to 89,Both sexes,DALYs (Disability-Adjusted Life Years),Number,Escherichia coli,Carbapenems,Associated,1991,10.690853921255423,27.545768970467478,2.5858097347660025
Armenia,85 to 89,Both sexes,DALYs (Disability-Adjusted Life Years),Number,Escherichia coli,Carbapenems,Associated,1992,10.554123140185332,25.94972100079694,2.626012199376865
Armenia,85 to 89,Both sexes,DALYs (Disability-Adjusted Life Years),Number,Escherichia coli,Carbapenems,Associated,1993,11.034957100308887,26.26056063324118,2.856816353884211
Armenia,85 to 89,Both sexes,DALYs (Disability-Adjusted Life Years),Number,Escherichia coli,Carbapenems,Associated,1994,12.306769922210455,28.02161222853016,3.282217334525833
Armenia,85 to 89,Both sexes,DALYs (Disability-Adjusted Life Years),Number,Escherichia coli,Carbapenems,Associated,1995,10.209857748315178,23.687186372175326,2.6298585226463493
Armenia,85 to 89,Both sexes,DALYs (Disability-Adjusted Life Years),Number,Escherichia coli,Carbapenems,Associated,1996,11.379362425387255,25.721534849992803,3.040671167136677
Armenia,85 to 89,Both sexes,DALYs (Disability-Adjusted Life Years),Number,Escherichia coli,Carbapenems,Associated,1997,9.466299249370566,21.62382613485753,2.554464759481371
Armenia,85 to 89,Both sexes,DALYs (Disability-Adjusted Life Years),Number,Escherichia coli,Carbapenems,Associated,1998,10.243789056093583,24.00941184312648,2.7110037936694127
Armenia,85 to 89,Both sexes,DALYs (Disability-Adjusted Life Years),Number,Escherichia coli,Carbapenems,Associated,1999,10.82237599462095,24.109061797041285,2.97883253686865
Armenia,85 to 89,Both sexes,DALYs (Disability-Adjusted Life Years),Number,Escherichia coli,Carbapenems,Associated,2000,11.837371914748658,25.81849540797302,3.3166855803971598
Armenia,85 to 89,Both sexes,DALYs (Disability-Adjusted Life Years),Number,Escherichia coli,Carbapenems,Associated,2001,11.498274098544893,26.166277778766997,3.080475252145173
Armenia,85 to 89,Both sexes,DALYs (Disability-Adjusted Life Years),Number,Escherichia coli,Carbapenems,Associated,2002,11.207980350711901,24.974293315394725,2.993157121954305
Armenia,85 to 89,Both sexes,DALYs (Disability-Adjusted Life Years),Number,Escherichia coli,Carbapenems,Associated,2003,11.058469228874102,23.959811969369206,3.0736164771930863
Armenia,85 to 89,Both sexes,DALYs (Disability-Adjusted Life Years),Number,Escherichia coli,Carbapenems,Associated,2004,10.527709615148618,23.136518566777625,2.87564328765218
Armenia,85 to 89,Both sexes,DALYs (Disability-Adjusted Life Years),Number,Escherichia coli,Carbapenems,Associated,2005,11.906359393270117,25.53303185144079,3.2608999180949936
Armenia,85 to 89,Both sexes,DALYs (Disability-Adjusted Life Years),Number,Escherichia coli,Carbapenems,Associated,2006,13.397475740728195,28.300919946922583,3.7452230550653445
Armenia,85 to 89,Both sexes,DALYs (Disability-Adjusted Life Years),Number,Escherichia coli,Carbapenems,Associated,2007,13.518814230008273,29.38457595873261,3.719057837071813
Armenia,85 to 89,Both sexes,DALYs (Disability-Adjusted Life Years),Number,Escherichia coli,Carbapenems,Associated,2008,16.1044488263732,34.51638321783301,4.428231943699285
Armenia,85 to 89,Both sexes,DALYs (Disability-Adjusted Life Years),Number,Escherichia coli,Carbapenems,Associated,2009,20.96408860780424,45.22591775363904,5.878511487147684
Armenia,85 to 89,Both sexes,DALYs (Disability-Adjusted Life Years),Number,Escherichia coli,Carbapenems,Associated,2010,33.10672265347474,70.83629423270597,9.349760969147685
Armenia,85 to 89,Both sexes,DALYs (Disability-Adjusted Life Years),Number,Escherichia coli,Carbapenems,Associated,2011,35.72815035597448,78.8391405274792,9.855682805861404
Armenia,85 to 89,Both sexes,DALYs (Disability-Adjusted Life Years),Number,Escherichia coli,Carbapenems,Associated,2012,49.63476152127159,107.83465877815469,14.065613198584966
Armenia,85 to 89,Both sexes,DALYs (Disability-Adjusted Life Years),Number,Escherichia coli,Carbapenems,Associated,2013,62.88031994565485,139.07869763610546,17.54582188951336
Armenia,85 to 89,Both sexes,DALYs (Disability-Adjusted Life Years),Number,Escherichia coli,Carbapenems,Associated,2014,66.05721096146635,151.4008519035765,18.30382534443187
Armenia,85 to 89,Both sexes,DALYs (Disability-Adjusted Life Years),Number,Escherichia coli,Carbapenems,Associated,2015,67.49931660453471,153.73978599214593,18.427557911137708
Armenia,85 to 89,Both sexes,DALYs (Disability-Adjusted Life Years),Number,Escherichia coli,Carbapenems,Associated,2016,62.154011759238166,142.55433482238396,17.29854507120881
Armenia,85 to 89,Both sexes,DALYs (Disability-Adjusted Life Years),Number,Escherichia coli,Carbapenems,Associated,2017,47.737897920466345,110.71963503397092,13.181610178962295
Armenia,85 to 89,Both sexes,DALYs (Disability-Adjusted Life Years),Number,Escherichia coli,Carbapenems,Associated,2018,52.938724118294104,118.58685228325629,15.052797357308444
Armenia,85 to 89,Both sexes,DALYs (Disability-Adjusted Life Years),Number,Escherichia coli,Carbapenems,Associated,2019,41.94297539445506,95.26683537060788,11.753698944157362
Armenia,85 to 89,Both sexes,DALYs (Disability-Adjusted Life Years),Number,Escherichia coli,Carbapenems,Associated,2020,36.93404796727329,82.75421110201427,10.62532786536408
Armenia,85 to 89,Both sexes,DALYs (Disability-Adjusted Life Years),Number,Escherichia coli,Carbapenems,Associated,2021,38.2373206904859,87.3138624108291,10.761987519840535
Armenia,85 to 89,Both sexes,DALYs (Disability-Adjusted Life Years),Number,Klebsiella pneumoniae,Carbapenems,Associated,1990,8.729389317534782,11.417565449312468,6.041213185757096
Armenia,85 to 89,Both sexes,DALYs (Disability-Adjusted Life Years),Number,Klebsiella pneumoniae,Carbapenems,Associated,1991,2.8809980112666675,3.884325451117838,1.877670571415497
Armenia,85 to 89,Both sexes,DALYs (Disability-Adjusted Life Years),Number,Klebsiella pneumoniae,Carbapenems,Associated,1992,4.934695917166538,6.4649367696698254,3.4044550646632503
Armenia,85 to 89,Both sexes,DALYs (Disability-Adjusted Life Years),Number,Klebsiella pneumoniae,Carbapenems,Associated,1993,4.6484334593221615,6.1076502177317895,3.1892167009125334
Armenia,85 to 89,Both sexes,DALYs (Disability-Adjusted Life Years),Number,Klebsiella pneumoniae,Carbapenems,Associated,1994,4.607833319890309,6.124838802230133,3.090827837550485
Armenia,85 to 89,Both sexes,DALYs (Disability-Adjusted Life Years),Number,Klebsiella pneumoniae,Carbapenems,Associated,1995,2.7724467451874624,3.707882091961658,1.8370113984132668
Armenia,85 to 89,Both sexes,DALYs (Disability-Adjusted Life Years),Number,Klebsiella pneumoniae,Carbapenems,Associated,1996,4.5891735720904006,6.064305541145112,3.114041603035689
Armenia,85 to 89,Both sexes,DALYs (Disability-Adjusted Life Years),Number,Klebsiella pneumoniae,Carbapenems,Associated,1997,3.70174818479265,4.850219606210035,2.5532767633752647
Armenia,85 to 89,Both sexes,DALYs (Disability-Adjusted Life Years),Number,Klebsiella pneumoniae,Carbapenems,Associated,1998,4.449299451205567,6.098001456938856,2.8005974454722784
Armenia,85 to 89,Both sexes,DALYs (Disability-Adjusted Life Years),Number,Klebsiella pneumoniae,Carbapenems,Associated,1999,5.6857051364765425,7.542044602948088,3.8293656700049974
Armenia,85 to 89,Both sexes,DALYs (Disability-Adjusted Life Years),Number,Klebsiella pneumoniae,Carbapenems,Associated,2000,6.303315014673759,8.038305139876872,4.568324889470646
Armenia,85 to 89,Both sexes,DALYs (Disability-Adjusted Life Years),Number,Klebsiella pneumoniae,Carbapenems,Associated,2001,10.87812332824048,14.214790675996838,7.541455980484123
Armenia,85 to 89,Both sexes,DALYs (Disability-Adjusted Life Years),Number,Klebsiella pneumoniae,Carbapenems,Associated,2002,13.469054394453774,17.78845486272326,9.149653926184289
Armenia,85 to 89,Both sexes,DALYs (Disability-Adjusted Life Years),Number,Klebsiella pneumoniae,Carbapenems,Associated,2003,15.079645299259655,19.122848568766234,11.036442029753076
Armenia,85 to 89,Both sexes,DALYs (Disability-Adjusted Life Years),Number,Klebsiella pneumoniae,Carbapenems,Associated,2004,12.609187322453522,16.29437061007386,8.924004034833185
Armenia,85 to 89,Both sexes,DALYs (Disability-Adjusted Life Years),Number,Klebsiella pneumoniae,Carbapenems,Associated,2005,12.508057588665213,16.067686844965397,8.948428332365031
Armenia,85 to 89,Both sexes,DALYs (Disability-Adjusted Life Years),Number,Klebsiella pneumoniae,Carbapenems,Associated,2006,14.81142702128071,18.531588078797018,11.091265963764403
Armenia,85 to 89,Both sexes,DALYs (Disability-Adjusted Life Years),Number,Klebsiella pneumoniae,Carbapenems,Associated,2007,16.515354824406383,20.744311430285293,12.286398218527472
Armenia,85 to 89,Both sexes,DALYs (Disability-Adjusted Life Years),Number,Klebsiella pneumoniae,Carbapenems,Associated,2008,21.907743375878827,26.997986893841663,16.81749985791599
Armenia,85 to 89,Both sexes,DALYs (Disability-Adjusted Life Years),Number,Klebsiella pneumoniae,Carbapenems,Associated,2009,29.19050251212757,36.039511581188,22.341493443067133
Armenia,85 to 89,Both sexes,DALYs (Disability-Adjusted Life Years),Number,Klebsiella pneumoniae,Carbapenems,Associated,2010,22.015600508376124,27.147725842406473,16.883475174345776
Armenia,85 to 89,Both sexes,DALYs (Disability-Adjusted Life Years),Number,Klebsiella pneumoniae,Carbapenems,Associated,2011,31.82889966402506,39.56950449403015,24.08829483401997
Armenia,85 to 89,Both sexes,DALYs (Disability-Adjusted Life Years),Number,Klebsiella pneumoniae,Carbapenems,Associated,2012,36.90775154596116,46.06406900377981,27.751434088142517
Armenia,85 to 89,Both sexes,DALYs (Disability-Adjusted Life Years),Number,Klebsiella pneumoniae,Carbapenems,Associated,2013,42.46269395696164,52.38879748823208,32.536590425691195
Armenia,85 to 89,Both sexes,DALYs (Disability-Adjusted Life Years),Number,Klebsiella pneumoniae,Carbapenems,Associated,2014,43.68018127776466,54.261750563792866,33.098611991736455
Armenia,85 to 89,Both sexes,DALYs (Disability-Adjusted Life Years),Number,Klebsiella pneumoniae,Carbapenems,Associated,2015,57.844622661085765,72.32603229980468,43.36321302236686
Armenia,85 to 89,Both sexes,DALYs (Disability-Adjusted Life Years),Number,Klebsiella pneumoniae,Carbapenems,Associated,2016,58.81557656938577,72.40252496592666,45.22862817284488
Armenia,85 to 89,Both sexes,DALYs (Disability-Adjusted Life Years),Number,Klebsiella pneumoniae,Carbapenems,Associated,2017,57.56598979474187,70.92183293067909,44.210146658804646
Armenia,85 to 89,Both sexes,DALYs (Disability-Adjusted Life Years),Number,Klebsiella pneumoniae,Carbapenems,Associated,2018,31.44764205600034,38.974577300763706,23.920706811236975
Armenia,85 to 89,Both sexes,DALYs (Disability-Adjusted Life Years),Number,Klebsiella pneumoniae,Carbapenems,Associated,2019,36.54448454180519,44.998064167192666,28.09090491641771
Armenia,85 to 89,Both sexes,DALYs (Disability-Adjusted Life Years),Number,Klebsiella pneumoniae,Carbapenems,Associated,2020,33.754424511424325,40.42662205189006,27.082226970958594
Armenia,85 to 89,Both sexes,DALYs (Disability-Adjusted Life Years),Number,Klebsiella pneumoniae,Carbapenems,Associated,2021,34.860945799215585,43.046693974079865,26.675197624351306
Armenia,85 to 89,Both sexes,DALYs (Disability-Adjusted Life Years),Number,Pseudomonas aeruginosa,Carbapenems,Associated,1990,44.096282197597546,59.53409633850742,28.658468056687674
Armenia,85 to 89,Both sexes,DALYs (Disability-Adjusted Life Years),Number,Pseudomonas aeruginosa,Carbapenems,Associated,1991,45.84363846852025,63.93909327800339,27.748183659037103
Armenia,85 to 89,Both sexes,DALYs (Disability-Adjusted Life Years),Number,Pseudomonas aeruginosa,Carbapenems,Associated,1992,51.185863417524615,69.34100321143308,33.030723623616154
Armenia,85 to 89,Both sexes,DALYs (Disability-Adjusted Life Years),Number,Pseudomonas aeruginosa,Carbapenems,Associated,1993,52.061277986105544,70.64176121377086,33.480794758440226
Armenia,85 to 89,Both sexes,DALYs (Disability-Adjusted Life Years),Number,Pseudomonas aeruginosa,Carbapenems,Associated,1994,49.2580607604511,67.5355988018205,30.980522719081698
Armenia,85 to 89,Both sexes,DALYs (Disability-Adjusted Life Years),Number,Pseudomonas aeruginosa,Carbapenems,Associated,1995,43.74526860752441,60.53291252565651,26.9576246893923
Armenia,85 to 89,Both sexes,DALYs (Disability-Adjusted Life Years),Number,Pseudomonas aeruginosa,Carbapenems,Associated,1996,45.65747702144613,62.1094385792578,29.205515463634455
Armenia,85 to 89,Both sexes,DALYs (Disability-Adjusted Life Years),Number,Pseudomonas aeruginosa,Carbapenems,Associated,1997,42.597774464876224,57.83316767023349,27.362381259518955
Armenia,85 to 89,Both sexes,DALYs (Disability-Adjusted Life Years),Number,Pseudomonas aeruginosa,Carbapenems,Associated,1998,42.748371854082464,60.53375375918063,24.9629899489843
Armenia,85 to 89,Both sexes,DALYs (Disability-Adjusted Life Years),Number,Pseudomonas aeruginosa,Carbapenems,Associated,1999,44.93858014416277,61.86505073321696,28.01210955510858
Armenia,85 to 89,Both sexes,DALYs (Disability-Adjusted Life Years),Number,Pseudomonas aeruginosa,Carbapenems,Associated,2000,44.65811007382304,58.518789228994635,30.797430918651443
Armenia,85 to 89,Both sexes,DALYs (Disability-Adjusted Life Years),Number,Pseudomonas aeruginosa,Carbapenems,Associated,2001,43.88187151507181,58.9251421667382,28.838600863405418
Armenia,85 to 89,Both sexes,DALYs (Disability-Adjusted Life Years),Number,Pseudomonas aeruginosa,Carbapenems,Associated,2002,43.25441017314277,59.37529300047115,27.133527345814393
Armenia,85 to 89,Both sexes,DALYs (Disability-Adjusted Life Years),Number,Pseudomonas aeruginosa,Carbapenems,Associated,2003,47.91740397578456,62.12803934090013,33.70676861066899
Armenia,85 to 89,Both sexes,DALYs (Disability-Adjusted Life Years),Number,Pseudomonas aeruginosa,Carbapenems,Associated,2004,43.580980928947824,57.93759053111472,29.224371326780926
Armenia,85 to 89,Both sexes,DALYs (Disability-Adjusted Life Years),Number,Pseudomonas aeruginosa,Carbapenems,Associated,2005,46.20995360696128,61.32904629713113,31.090860916791428
Armenia,85 to 89,Both sexes,DALYs (Disability-Adjusted Life Years),Number,Pseudomonas aeruginosa,Carbapenems,Associated,2006,47.27564051957833,61.10295305623292,33.44832798292374
Armenia,85 to 89,Both sexes,DALYs (Disability-Adjusted Life Years),Number,Pseudomonas aeruginosa,Carbapenems,Associated,2007,53.78149018922714,69.01625539086399,38.546724987590295
Armenia,85 to 89,Both sexes,DALYs (Disability-Adjusted Life Years),Number,Pseudomonas aeruginosa,Carbapenems,Associated,2008,57.99952398267675,73.18141633991164,42.81763162544187
Armenia,85 to 89,Both sexes,DALYs (Disability-Adjusted Life Years),Number,Pseudomonas aeruginosa,Carbapenems,Associated,2009,72.46057237972843,91.69365075860854,53.227494000848324
Armenia,85 to 89,Both sexes,DALYs (Disability-Adjusted Life Years),Number,Pseudomonas aeruginosa,Carbapenems,Associated,2010,78.48090255509933,99.12781869977823,57.83398641042044
Armenia,85 to 89,Both sexes,DALYs (Disability-Adjusted Life Years),Number,Pseudomonas aeruginosa,Carbapenems,Associated,2011,93.42086810002924,119.35170169951655,67.49003450054192
Armenia,85 to 89,Both sexes,DALYs (Disability-Adjusted Life Years),Number,Pseudomonas aeruginosa,Carbapenems,Associated,2012,110.48420299296168,141.8598343683922,79.10857161753118
Armenia,85 to 89,Both sexes,DALYs (Disability-Adjusted Life Years),Number,Pseudomonas aeruginosa,Carbapenems,Associated,2013,130.08330840685252,164.82125273674302,95.34536407696201
Armenia,85 to 89,Both sexes,DALYs (Disability-Adjusted Life Years),Number,Pseudomonas aeruginosa,Carbapenems,Associated,2014,147.47835942856125,187.7306098312816,107.22610902584088
Armenia,85 to 89,Both sexes,DALYs (Disability-Adjusted Life Years),Number,Pseudomonas aeruginosa,Carbapenems,Associated,2015,163.49535370269672,210.52901212872024,116.4616952766732
Armenia,85 to 89,Both sexes,DALYs (Disability-Adjusted Life Years),Number,Pseudomonas aeruginosa,Carbapenems,Associated,2016,159.73600420114155,201.79887357725,117.67313482503312
Armenia,85 to 89,Both sexes,DALYs (Disability-Adjusted Life Years),Number,Pseudomonas aeruginosa,Carbapenems,Associated,2017,154.75277015142126,195.09524279811447,114.41029750472805
Armenia,85 to 89,Both sexes,DALYs (Disability-Adjusted Life Years),Number,Pseudomonas aeruginosa,Carbapenems,Associated,2018,152.4201004501079,192.379171688602,112.46102921161379
Armenia,85 to 89,Both sexes,DALYs (Disability-Adjusted Life Years),Number,Pseudomonas aeruginosa,Carbapenems,Associated,2019,147.53868919810571,184.96039178872502,110.1169866074864
Armenia,85 to 89,Both sexes,DALYs (Disability-Adjusted Life Years),Number,Pseudomonas aeruginosa,Carbapenems,Associated,2020,144.32785233644603,175.07366912638898,113.58203554650308
Armenia,85 to 89,Both sexes,DALYs (Disability-Adjusted Life Years),Number,Pseudomonas aeruginosa,Carbapenems,Associated,2021,144.98679673397436,182.81380475124462,107.1597887167041
Armenia,85 to 89,Both sexes,DALYs (Disability-Adjusted Life Years),Number,Non-typhoidal Salmonella,Fluoroquinolones,Associated,1990,0.004333805766136408,0.012288943409688242,0.00018087486450389802
Armenia,85 to 89,Both sexes,DALYs (Disability-Adjusted Life Years),Number,Non-typhoidal Salmonella,Fluoroquinolones,Associated,1991,0.004911027455187982,0.013863594652301048,0.00021128955813927823
Armenia,85 to 89,Both sexes,DALYs (Disability-Adjusted Life Years),Number,Non-typhoidal Salmonella,Fluoroquinolones,Associated,1992,0.005559670990792101,0.015616147070598628,0.00023177190330963716
Armenia,85 to 89,Both sexes,DALYs (Disability-Adjusted Life Years),Number,Non-typhoidal Salmonella,Fluoroquinolones,Associated,1993,0.006094222909039951,0.017145610072016395,0.00024252720756900414
Armenia,85 to 89,Both sexes,DALYs (Disability-Adjusted Life Years),Number,Non-typhoidal Salmonella,Fluoroquinolones,Associated,1994,0.005451380718631148,0.015466140866756255,0.00020386071507460819
Armenia,85 to 89,Both sexes,DALYs (Disability-Adjusted Life Years),Number,Non-typhoidal Salmonella,Fluoroquinolones,Associated,1995,0.005581659014937638,0.015804156719016128,0.00020959976940299532
Armenia,85 to 89,Both sexes,DALYs (Disability-Adjusted Life Years),Number,Non-typhoidal Salmonella,Fluoroquinolones,Associated,1996,0.005187999033390211,0.01457288296116293,0.0002101376874359641
Armenia,85 to 89,Both sexes,DALYs (Disability-Adjusted Life Years),Number,Non-typhoidal Salmonella,Fluoroquinolones,Associated,1997,0.004744931120636714,0.013198350161564053,0.00020272043706424727
Armenia,85 to 89,Both sexes,DALYs (Disability-Adjusted Life Years),Number,Non-typhoidal Salmonella,Fluoroquinolones,Associated,1998,0.004381234642157826,0.012231329834769641,0.0002051278657554982
Armenia,85 to 89,Both sexes,DALYs (Disability-Adjusted Life Years),Number,Non-typhoidal Salmonella,Fluoroquinolones,Associated,1999,0.004232818723407937,0.011860060694691123,0.0002125534583653828
Armenia,85 to 89,Both sexes,DALYs (Disability-Adjusted Life Years),Number,Non-typhoidal Salmonella,Fluoroquinolones,Associated,2000,0.003911199079637709,0.010953497727598058,0.00021346292801837586
Armenia,85 to 89,Both sexes,DALYs (Disability-Adjusted Life Years),Number,Non-typhoidal Salmonella,Fluoroquinolones,Associated,2001,0.0037833464679384228,0.010462005934720839,0.00021643053568331705
Armenia,85 to 89,Both sexes,DALYs (Disability-Adjusted Life Years),Number,Non-typhoidal Salmonella,Fluoroquinolones,Associated,2002,0.0034601003909542453,0.009738485186676624,0.00021560064221455295
Armenia,85 to 89,Both sexes,DALYs (Disability-Adjusted Life Years),Number,Non-typhoidal Salmonella,Fluoroquinolones,Associated,2003,0.0031030449333326153,0.008595660531983476,0.00020463366548790653
Armenia,85 to 89,Both sexes,DALYs (Disability-Adjusted Life Years),Number,Non-typhoidal Salmonella,Fluoroquinolones,Associated,2004,0.0028796984302177572,0.00804731397532191,0.00018526521388593907
Armenia,85 to 89,Both sexes,DALYs (Disability-Adjusted Life Years),Number,Non-typhoidal Salmonella,Fluoroquinolones,Associated,2005,0.0027856604431951825,0.007766155745791109,0.0001865539001097076
Armenia,85 to 89,Both sexes,DALYs (Disability-Adjusted Life Years),Number,Non-typhoidal Salmonella,Fluoroquinolones,Associated,2006,0.0027794616175883663,0.007795188410196666,0.00019402504472557636
Armenia,85 to 89,Both sexes,DALYs (Disability-Adjusted Life Years),Number,Non-typhoidal Salmonella,Fluoroquinolones,Associated,2007,0.0027892138620257668,0.007826180694837585,0.00020804629478327335
Armenia,85 to 89,Both sexes,DALYs (Disability-Adjusted Life Years),Number,Non-typhoidal Salmonella,Fluoroquinolones,Associated,2008,0.002862479327611187,0.008217389827129502,0.00013647034052187857
Armenia,85 to 89,Both sexes,DALYs (Disability-Adjusted Life Years),Number,Non-typhoidal Salmonella,Fluoroquinolones,Associated,2009,0.002782302443671886,0.00817371502257124,0.00010196921147734737
Armenia,85 to 89,Both sexes,DALYs (Disability-Adjusted Life Years),Number,Non-typhoidal Salmonella,Fluoroquinolones,Associated,2010,0.0028059375973466124,0.008371544771501524,0.00009686297842974915
Armenia,85 to 89,Both sexes,DALYs (Disability-Adjusted Life Years),Number,Non-typhoidal Salmonella,Fluoroquinolones,Associated,2011,0.0028019042480920903,0.008293430168448336,0.00009958637533676363
Armenia,85 to 89,Both sexes,DALYs (Disability-Adjusted Life Years),Number,Non-typhoidal Salmonella,Fluoroquinolones,Associated,2012,0.004622609118113631,0.014131105745510165,0.00013560374049585537
Armenia,85 to 89,Both sexes,DALYs (Disability-Adjusted Life Years),Number,Non-typhoidal Salmonella,Fluoroquinolones,Associated,2013,0.005972236431847156,0.019011094020791788,0.00020989912318403642
Armenia,85 to 89,Both sexes,DALYs (Disability-Adjusted Life Years),Number,Non-typhoidal Salmonella,Fluoroquinolones,Associated,2014,0.007939535478499017,0.022849138581844765,0.00038760745635065414
Armenia,85 to 89,Both sexes,DALYs (Disability-Adjusted Life Years),Number,Non-typhoidal Salmonella,Fluoroquinolones,Associated,2015,0.008886124348259668,0.025915019108880544,0.0005091454201369661
Armenia,85 to 89,Both sexes,DALYs (Disability-Adjusted Life Years),Number,Non-typhoidal Salmonella,Fluoroquinolones,Associated,2016,0.009313856149241639,0.026882660695350717,0.0006254703995558621
Armenia,85 to 89,Both sexes,DALYs (Disability-Adjusted Life Years),Number,Non-typhoidal Salmonella,Fluoroquinolones,Associated,2017,0.009850137293621867,0.027883359689889548,0.0009476790610844048
Armenia,85 to 89,Both sexes,DALYs (Disability-Adjusted Life Years),Number,Non-typhoidal Salmonella,Fluoroquinolones,Associated,2018,0.011845513828089004,0.029798793183583,0.0018497016815030491
Armenia,85 to 89,Both sexes,DALYs (Disability-Adjusted Life Years),Number,Non-typhoidal Salmonella,Fluoroquinolones,Associated,2019,0.0121420681838212,0.030835866183213788,0.0020570023652465015
Armenia,85 to 89,Both sexes,DALYs (Disability-Adjusted Life Years),Number,Non-typhoidal Salmonella,Fluoroquinolones,Associated,2020,0.012127426615929634,0.029739419519291765,0.0021305556068586464
Armenia,85 to 89,Both sexes,DALYs (Disability-Adjusted Life Years),Number,Non-typhoidal Salmonella,Fluoroquinolones,Associated,2021,0.01239014674320855,0.03023822109026297,0.0020934578840265563
Armenia,85 to 89,Both sexes,DALYs (Disability-Adjusted Life Years),Number,Salmonella enterica serovar Typhi,Fluoroquinolones,Associated,1990,0.00036397778096707706,0.0006791609798776621,0.00004879458205649204
Armenia,85 to 89,Both sexes,DALYs (Disability-Adjusted Life Years),Number,Salmonella enterica serovar Typhi,Fluoroquinolones,Associated,1991,0.00044194980153830173,0.0007908255579545669,0.00009307404512203665
Armenia,85 to 89,Both sexes,DALYs (Disability-Adjusted Life Years),Number,Salmonella enterica serovar Typhi,Fluoroquinolones,Associated,1992,0.000517808219718721,0.0008844621944985598,0.0001511542449388823
Armenia,85 to 89,Both sexes,DALYs (Disability-Adjusted Life Years),Number,Salmonella enterica serovar Typhi,Fluoroquinolones,Associated,1993,0.0005470131652894092,0.0008972297136580936,0.00019679661692072474
Armenia,85 to 89,Both sexes,DALYs (Disability-Adjusted Life Years),Number,Salmonella enterica serovar Typhi,Fluoroquinolones,Associated,1994,0.0004033167558711206,0.0006615511241120434,0.00014508238763019784
Armenia,85 to 89,Both sexes,DALYs (Disability-Adjusted Life Years),Number,Salmonella enterica serovar Typhi,Fluoroquinolones,Associated,1995,0.0006133393533476307,0.0009830471405991937,0.00024363156609606793
Armenia,85 to 89,Both sexes,DALYs (Disability-Adjusted Life Years),Number,Salmonella enterica serovar Typhi,Fluoroquinolones,Associated,1996,0.0006356905273330622,0.0009967961052719033,0.0002745849493942211
Armenia,85 to 89,Both sexes,DALYs (Disability-Adjusted Life Years),Number,Salmonella enterica serovar Typhi,Fluoroquinolones,Associated,1997,0.0006751511999631772,0.001055073559730603,0.00029522884019575154
Armenia,85 to 89,Both sexes,DALYs (Disability-Adjusted Life Years),Number,Salmonella enterica serovar Typhi,Fluoroquinolones,Associated,1998,0.00070369364182766,0.0010820301967611877,0.00032535708689413216
Armenia,85 to 89,Both sexes,DALYs (Disability-Adjusted Life Years),Number,Salmonella enterica serovar Typhi,Fluoroquinolones,Associated,1999,0.0006943467805414149,0.001048260623355462,0.0003404329377273678
Armenia,85 to 89,Both sexes,DALYs (Disability-Adjusted Life Years),Number,Salmonella enterica serovar Typhi,Fluoroquinolones,Associated,2000,0.0007030437331010283,0.0010481674355265918,0.00035792003067546473
Armenia,85 to 89,Both sexes,DALYs (Disability-Adjusted Life Years),Number,Salmonella enterica serovar Typhi,Fluoroquinolones,Associated,2001,0.0007026984435924187,0.0010178859406748907,0.00038751094650994674
Armenia,85 to 89,Both sexes,DALYs (Disability-Adjusted Life Years),Number,Salmonella enterica serovar Typhi,Fluoroquinolones,Associated,2002,0.0007013164195576938,0.001013833923619281,0.00038879891549610664
Armenia,85 to 89,Both sexes,DALYs (Disability-Adjusted Life Years),Number,Salmonella enterica serovar Typhi,Fluoroquinolones,Associated,2003,0.0006427849594366928,0.0009426084761888483,0.00034296144268453744
Armenia,85 to 89,Both sexes,DALYs (Disability-Adjusted Life Years),Number,Salmonella enterica serovar Typhi,Fluoroquinolones,Associated,2004,0.0006195396393250689,0.0009231824083506775,0.00031589687029946024
Armenia,85 to 89,Both sexes,DALYs (Disability-Adjusted Life Years),Number,Salmonella enterica serovar Typhi,Fluoroquinolones,Associated,2005,0.0006049903192633905,0.0009205092276637834,0.00028947141086299767
Armenia,85 to 89,Both sexes,DALYs (Disability-Adjusted Life Years),Number,Salmonella enterica serovar Typhi,Fluoroquinolones,Associated,2006,0.0006206481893932225,0.0009390622779042799,0.000302234100882165
Armenia,85 to 89,Both sexes,DALYs (Disability-Adjusted Life Years),Number,Salmonella enterica serovar Typhi,Fluoroquinolones,Associated,2007,0.0006078232819502003,0.0009269972293273465,0.0002886493345730541
Armenia,85 to 89,Both sexes,DALYs (Disability-Adjusted Life Years),Number,Salmonella enterica serovar Typhi,Fluoroquinolones,Associated,2008,0.0006040036845866136,0.0009391524573300245,0.00026885491184320274
Armenia,85 to 89,Both sexes,DALYs (Disability-Adjusted Life Years),Number,Salmonella enterica serovar Typhi,Fluoroquinolones,Associated,2009,0.0006324828089614028,0.0010061279984870494,0.00025883761943575626
Armenia,85 to 89,Both sexes,DALYs (Disability-Adjusted Life Years),Number,Salmonella enterica serovar Typhi,Fluoroquinolones,Associated,2010,0.0006977006519432714,0.00112733954624207,0.0002680617576444728
Armenia,85 to 89,Both sexes,DALYs (Disability-Adjusted Life Years),Number,Salmonella enterica serovar Typhi,Fluoroquinolones,Associated,2011,0.0008909662742225922,0.0013815233073159333,0.0004004092411292511
Armenia,85 to 89,Both sexes,DALYs (Disability-Adjusted Life Years),Number,Salmonella enterica serovar Typhi,Fluoroquinolones,Associated,2012,0.0010555892651486949,0.0016081038247696727,0.000503074705527717
Armenia,85 to 89,Both sexes,DALYs (Disability-Adjusted Life Years),Number,Salmonella enterica serovar Typhi,Fluoroquinolones,Associated,2013,0.0013671410002915627,0.0020537196252406165,0.0006805623753425088
Armenia,85 to 89,Both sexes,DALYs (Disability-Adjusted Life Years),Number,Salmonella enterica serovar Typhi,Fluoroquinolones,Associated,2014,0.0020870162616301704,0.0030775552795171833,0.0010964772437431574
Armenia,85 to 89,Both sexes,DALYs (Disability-Adjusted Life Years),Number,Salmonella enterica serovar Typhi,Fluoroquinolones,Associated,2015,0.002865966695409106,0.004277920244438919,0.0014540131463792927
Armenia,85 to 89,Both sexes,DALYs (Disability-Adjusted Life Years),Number,Salmonella enterica serovar Typhi,Fluoroquinolones,Associated,2016,0.003107959759183475,0.004621944875727565,0.001593974642639385
Armenia,85 to 89,Both sexes,DALYs (Disability-Adjusted Life Years),Number,Salmonella enterica serovar Typhi,Fluoroquinolones,Associated,2017,0.002633311412792665,0.003986053257479733,0.0012805695681055967
Armenia,85 to 89,Both sexes,DALYs (Disability-Adjusted Life Years),Number,Salmonella enterica serovar Typhi,Fluoroquinolones,Associated,2018,0.0021355874544515987,0.003220305756031166,0.0010508691528720315
Armenia,85 to 89,Both sexes,DALYs (Disability-Adjusted Life Years),Number,Salmonella enterica serovar Typhi,Fluoroquinolones,Associated,2019,0.0017285680727895732,0.002744237634520316,0.0007128985110588302
Armenia,85 to 89,Both sexes,DALYs (Disability-Adjusted Life Years),Number,Salmonella enterica serovar Typhi,Fluoroquinolones,Associated,2020,0.0016028631508315909,0.00246030615965073,0.0007454201420124516
Armenia,85 to 89,Both sexes,DALYs (Disability-Adjusted Life Years),Number,Salmonella enterica serovar Typhi,Fluoroquinolones,Associated,2021,0.0016451249836758946,0.002547861306830027,0.0007423886605217626
Armenia,85 to 89,Both sexes,DALYs (Disability-Adjusted Life Years),Number,Shigella spp.,Fluoroquinolones,Associated,1990,0.00416462393372504,0.008663049692115617,0.00165541873207014
Armenia,85 to 89,Both sexes,DALYs (Disability-Adjusted Life Years),Number,Shigella spp.,Fluoroquinolones,Associated,1991,0.005045896331428603,0.010335443629452906,0.0020302160529797656
Armenia,85 to 89,Both sexes,DALYs (Disability-Adjusted Life Years),Number,Shigella spp.,Fluoroquinolones,Associated,1992,0.006225225857351129,0.012655582039211759,0.002514208441587659
Armenia,85 to 89,Both sexes,DALYs (Disability-Adjusted Life Years),Number,Shigella spp.,Fluoroquinolones,Associated,1993,0.00724155246853218,0.014613605811354707,0.0029342460688180348
Armenia,85 to 89,Both sexes,DALYs (Disability-Adjusted Life Years),Number,Shigella spp.,Fluoroquinolones,Associated,1994,0.00510375451130932,0.010339494154347754,0.0020526932105251524
Armenia,85 to 89,Both sexes,DALYs (Disability-Adjusted Life Years),Number,Shigella spp.,Fluoroquinolones,Associated,1995,0.007179018249116338,0.01436611300959443,0.0029287227910403824
Armenia,85 to 89,Both sexes,DALYs (Disability-Adjusted Life Years),Number,Shigella spp.,Fluoroquinolones,Associated,1996,0.006742290597360724,0.013523619035636047,0.0027314624953360743
Armenia,85 to 89,Both sexes,DALYs (Disability-Adjusted Life Years),Number,Shigella spp.,Fluoroquinolones,Associated,1997,0.006315419022076871,0.012639646062120022,0.0025631747415330716
Armenia,85 to 89,Both sexes,DALYs (Disability-Adjusted Life Years),Number,Shigella spp.,Fluoroquinolones,Associated,1998,0.005843362470246784,0.011712295039863355,0.002365375115623602
Armenia,85 to 89,Both sexes,DALYs (Disability-Adjusted Life Years),Number,Shigella spp.,Fluoroquinolones,Associated,1999,0.005609625226679548,0.0113442727694016,0.002246807851501405
Armenia,85 to 89,Both sexes,DALYs (Disability-Adjusted Life Years),Number,Shigella spp.,Fluoroquinolones,Associated,2000,0.005497449361010039,0.010964707847323656,0.000030190874696422315
Armenia,85 to 89,Both sexes,DALYs (Disability-Adjusted Life Years),Number,Shigella spp.,Fluoroquinolones,Associated,2001,0.005466701951591292,0.010936988101956542,0.002209183242202047
Armenia,85 to 89,Both sexes,DALYs (Disability-Adjusted Life Years),Number,Shigella spp.,Fluoroquinolones,Associated,2002,0.005500598518432771,0.010963256884089756,0.00003794015277578701
Armenia,85 to 89,Both sexes,DALYs (Disability-Adjusted Life Years),Number,Shigella spp.,Fluoroquinolones,Associated,2003,0.0051473209144760525,0.010134981307051812,0.00015966052190029192
Armenia,85 to 89,Both sexes,DALYs (Disability-Adjusted Life Years),Number,Shigella spp.,Fluoroquinolones,Associated,2004,0.005227554571088715,0.010293134681277344,0.00016197446090008595
Armenia,85 to 89,Both sexes,DALYs (Disability-Adjusted Life Years),Number,Shigella spp.,Fluoroquinolones,Associated,2005,0.006123964071564902,0.011887032169940574,0.0003608959731892297
Armenia,85 to 89,Both sexes,DALYs (Disability-Adjusted Life Years),Number,Shigella spp.,Fluoroquinolones,Associated,2006,0.008961826166893491,0.016464566571388693,0.0014590857623982883
Armenia,85 to 89,Both sexes,DALYs (Disability-Adjusted Life Years),Number,Shigella spp.,Fluoroquinolones,Associated,2007,0.009622250104019518,0.01722906045652584,0.0020154397515131954
Armenia,85 to 89,Both sexes,DALYs (Disability-Adjusted Life Years),Number,Shigella spp.,Fluoroquinolones,Associated,2008,0.010272115387432387,0.018522131152083725,0.00202209962278105
Armenia,85 to 89,Both sexes,DALYs (Disability-Adjusted Life Years),Number,Shigella spp.,Fluoroquinolones,Associated,2009,0.009878161060501125,0.018185014251006208,0.0015713078699960397
Armenia,85 to 89,Both sexes,DALYs (Disability-Adjusted Life Years),Number,Shigella spp.,Fluoroquinolones,Associated,2010,0.01079123969381924,0.020581692823265045,0.0010007865643734352
Armenia,85 to 89,Both sexes,DALYs (Disability-Adjusted Life Years),Number,Shigella spp.,Fluoroquinolones,Associated,2011,0.013570188962411049,0.02492325021633133,0.0022171277084907706
Armenia,85 to 89,Both sexes,DALYs (Disability-Adjusted Life Years),Number,Shigella spp.,Fluoroquinolones,Associated,2012,0.01843810710092826,0.03610404756648493,0.0007721666353715934
Armenia,85 to 89,Both sexes,DALYs (Disability-Adjusted Life Years),Number,Shigella spp.,Fluoroquinolones,Associated,2013,0.02017146420478143,0.03736450320958811,0.002978425199974752
Armenia,85 to 89,Both sexes,DALYs (Disability-Adjusted Life Years),Number,Shigella spp.,Fluoroquinolones,Associated,2014,0.0226724920834327,0.04177897538634116,0.0035660087805242414
Armenia,85 to 89,Both sexes,DALYs (Disability-Adjusted Life Years),Number,Shigella spp.,Fluoroquinolones,Associated,2015,0.024383724470723206,0.04628698506224803,0.0024804638791983864
Armenia,85 to 89,Both sexes,DALYs (Disability-Adjusted Life Years),Number,Shigella spp.,Fluoroquinolones,Associated,2016,0.02562018774068198,0.04854310237986647,0.002697273101497491
Armenia,85 to 89,Both sexes,DALYs (Disability-Adjusted Life Years),Number,Shigella spp.,Fluoroquinolones,Associated,2017,0.021472207807559412,0.04098911849737044,0.0019552971177483787
Armenia,85 to 89,Both sexes,DALYs (Disability-Adjusted Life Years),Number,Shigella spp.,Fluoroquinolones,Associated,2018,0.019947797160095895,0.0372586658934127,0.0026369284267790845
Armenia,85 to 89,Both sexes,DALYs (Disability-Adjusted Life Years),Number,Shigella spp.,Fluoroquinolones,Associated,2019,0.01906877268490715,0.03427781541336092,0.003859729956453381
Armenia,85 to 89,Both sexes,DALYs (Disability-Adjusted Life Years),Number,Shigella spp.,Fluoroquinolones,Associated,2020,0.018553781331642823,0.03323329380199638,0.0038742688612892658
Armenia,85 to 89,Both sexes,DALYs (Disability-Adjusted Life Years),Number,Shigella spp.,Fluoroquinolones,Associated,2021,0.01885365182132078,0.03484226559066002,0.002865038051981541
Armenia,85 to 89,Both sexes,DALYs (Disability-Adjusted Life Years),Number,Neisseria gonorrhoeae,Fluoroquinolones,Associated,1990,7.467969699089173e-16,2.267639715220926e-12,0
Armenia,85 to 89,Both sexes,DALYs (Disability-Adjusted Life Years),Number,Neisseria gonorrhoeae,Fluoroquinolones,Associated,1991,1.6653642924008452e-15,4.537908405573766e-15,0
Armenia,85 to 89,Both sexes,DALYs (Disability-Adjusted Life Years),Number,Neisseria gonorrhoeae,Fluoroquinolones,Associated,1992,2.8009987168197544e-15,8.149138983016946e-15,0
Armenia,85 to 89,Both sexes,DALYs (Disability-Adjusted Life Years),Number,Neisseria gonorrhoeae,Fluoroquinolones,Associated,1993,3.925773035896962e-15,1.4934772468127373e-14,0
Armenia,85 to 89,Both sexes,DALYs (Disability-Adjusted Life Years),Number,Neisseria gonorrhoeae,Fluoroquinolones,Associated,1994,5.382303824679619e-15,1.8722131562491683e-14,0
Armenia,85 to 89,Both sexes,DALYs (Disability-Adjusted Life Years),Number,Neisseria gonorrhoeae,Fluoroquinolones,Associated,1995,5.727427439388815e-15,1.4826905154915337e-14,0
Armenia,85 to 89,Both sexes,DALYs (Disability-Adjusted Life Years),Number,Neisseria gonorrhoeae,Fluoroquinolones,Associated,1996,7.765183593974724e-15,1.8267867837161517e-14,8.687592410978984e-16
Armenia,85 to 89,Both sexes,DALYs (Disability-Adjusted Life Years),Number,Neisseria gonorrhoeae,Fluoroquinolones,Associated,1997,1.0890124018869461e-14,2.863057517375637e-14,1.3147586910528038e-15
Armenia,85 to 89,Both sexes,DALYs (Disability-Adjusted Life Years),Number,Neisseria gonorrhoeae,Fluoroquinolones,Associated,1998,1.4945380607937386e-14,1.0483153780155282e-13,0
Armenia,85 to 89,Both sexes,DALYs (Disability-Adjusted Life Years),Number,Neisseria gonorrhoeae,Fluoroquinolones,Associated,1999,1.9169042297177955e-14,4.3038325569360476e-14,4.224993872364043e-15
Armenia,85 to 89,Both sexes,DALYs (Disability-Adjusted Life Years),Number,Neisseria gonorrhoeae,Fluoroquinolones,Associated,2000,2.2409907155623034e-14,7.819760151900518e-14,2.997082114480569e-15
Armenia,85 to 89,Both sexes,DALYs (Disability-Adjusted Life Years),Number,Neisseria gonorrhoeae,Fluoroquinolones,Associated,2001,2.3221454526299172e-14,5.1149274324810745e-14,5.891761295827763e-15
Armenia,85 to 89,Both sexes,DALYs (Disability-Adjusted Life Years),Number,Neisseria gonorrhoeae,Fluoroquinolones,Associated,2002,2.54364059161554e-14,5.4800154618456816e-14,6.591613450070745e-15
Armenia,85 to 89,Both sexes,DALYs (Disability-Adjusted Life Years),Number,Neisseria gonorrhoeae,Fluoroquinolones,Associated,2003,2.795744222016976e-14,1.1948111919009906e-13,4.873776791486587e-15
Armenia,85 to 89,Both sexes,DALYs (Disability-Adjusted Life Years),Number,Neisseria gonorrhoeae,Fluoroquinolones,Associated,2004,2.932463146871868e-14,1.1270191248978291e-13,5.416982516250922e-15
Armenia,85 to 89,Both sexes,DALYs (Disability-Adjusted Life Years),Number,Neisseria gonorrhoeae,Fluoroquinolones,Associated,2005,2.892222615200917e-14,6.943495119586923e-14,7.459009348701685e-15
Armenia,85 to 89,Both sexes,DALYs (Disability-Adjusted Life Years),Number,Neisseria gonorrhoeae,Fluoroquinolones,Associated,2006,2.6576877279168483e-14,6.101553756380361e-14,6.77294499314225e-15
Armenia,85 to 89,Both sexes,DALYs (Disability-Adjusted Life Years),Number,Neisseria gonorrhoeae,Fluoroquinolones,Associated,2007,2.119040474256599e-14,1.0712120996322186e-13,2.614529335723266e-15
Armenia,85 to 89,Both sexes,DALYs (Disability-Adjusted Life Years),Number,Neisseria gonorrhoeae,Fluoroquinolones,Associated,2008,1.3873797683598172e-14,9.41022788824216e-14,1.099861034638265e-15
Armenia,85 to 89,Both sexes,DALYs (Disability-Adjusted Life Years),Number,Neisseria gonorrhoeae,Fluoroquinolones,Associated,2009,5.0623505567673054e-15,3.8826425798296777e-14,0
Armenia,85 to 89,Both sexes,DALYs (Disability-Adjusted Life Years),Number,Neisseria gonorrhoeae,Fluoroquinolones,Associated,2010,8.212788700282965e-16,1.5836134602606624e-15,5.89442797959305e-17
Armenia,85 to 89,Both sexes,DALYs (Disability-Adjusted Life Years),Number,Neisseria gonorrhoeae,Fluoroquinolones,Associated,2011,7.253166690303363e-15,1.0624220027427381e-11,0
Armenia,85 to 89,Both sexes,DALYs (Disability-Adjusted Life Years),Number,Neisseria gonorrhoeae,Fluoroquinolones,Associated,2012,2.6793209185908794e-14,5.475263787065521e-11,0
Armenia,85 to 89,Both sexes,DALYs (Disability-Adjusted Life Years),Number,Neisseria gonorrhoeae,Fluoroquinolones,Associated,2013,5.6150099579322536e-14,1.5340821514881808e-11,1.6182022267236545e-15
Armenia,85 to 89,Both sexes,DALYs (Disability-Adjusted Life Years),Number,Neisseria gonorrhoeae,Fluoroquinolones,Associated,2014,8.54968460140345e-14,5.420127287424808e-11,3.1710963511613694e-15
Armenia,85 to 89,Both sexes,DALYs (Disability-Adjusted Life Years),Number,Neisseria gonorrhoeae,Fluoroquinolones,Associated,2015,1.0411139299253564e-13,2.4302764282265387e-13,3.5399134823434215e-14
Armenia,85 to 89,Both sexes,DALYs (Disability-Adjusted Life Years),Number,Neisseria gonorrhoeae,Fluoroquinolones,Associated,2016,9.507067824148295e-14,2.400090599690139e-13,2.6070058919654408e-14
Armenia,85 to 89,Both sexes,DALYs (Disability-Adjusted Life Years),Number,Neisseria gonorrhoeae,Fluoroquinolones,Associated,2017,6.45303959628566e-14,1.4514728605794585e-13,1.9357167173494568e-14
Armenia,85 to 89,Both sexes,DALYs (Disability-Adjusted Life Years),Number,Neisseria gonorrhoeae,Fluoroquinolones,Associated,2018,2.7956041611911018e-14,5.587681274149231e-14,3.5270482329725745e-17
Armenia,85 to 89,Both sexes,DALYs (Disability-Adjusted Life Years),Number,Neisseria gonorrhoeae,Fluoroquinolones,Associated,2019,1.001662163227623e-14,1.781406256577469e-14,2.2191806987777687e-15
Armenia,85 to 89,Both sexes,DALYs (Disability-Adjusted Life Years),Number,Neisseria gonorrhoeae,Fluoroquinolones,Associated,2020,3.4000560860128636e-13,7.260007669459704e-13,1.0535054916811985e-13
Armenia,85 to 89,Both sexes,DALYs (Disability-Adjusted Life Years),Number,Neisseria gonorrhoeae,Fluoroquinolones,Associated,2021,3.7384220268776735e-14,1.5353298085086262e-13,8.769864193859429e-15
Armenia,85 to 89,Both sexes,DALYs (Disability-Adjusted Life Years),Number,Mycobacterium tuberculosis,Resistance to one or more antibiotics,Associated,1990,0.0172717656646695,0.0580137836182704,0.0025644016143129
Armenia,85 to 89,Both sexes,DALYs (Disability-Adjusted Life Years),Number,Mycobacterium tuberculosis,Resistance to one or more antibiotics,Associated,1991,0.0405722362750012,0.1369227634804782,0.0060759513879098
Armenia,85 to 89,Both sexes,DALYs (Disability-Adjusted Life Years),Number,Mycobacterium tuberculosis,Resistance to one or more antibiotics,Associated,1992,0.08879930437264624,0.29189217670693846,0.014197701687895567
Armenia,85 to 89,Both sexes,DALYs (Disability-Adjusted Life Years),Number,Mycobacterium tuberculosis,Resistance to one or more antibiotics,Associated,1993,0.1947264962343973,0.6293533533507598,0.0335648035019761
Armenia,85 to 89,Both sexes,DALYs (Disability-Adjusted Life Years),Number,Mycobacterium tuberculosis,Resistance to one or more antibiotics,Associated,1994,0.3327891815433034,1.018937973831988,0.0614643144525291
Armenia,85 to 89,Both sexes,DALYs (Disability-Adjusted Life Years),Number,Mycobacterium tuberculosis,Resistance to one or more antibiotics,Associated,1995,0.5571258512812769,1.5805670538888248,0.1129556872054654
Armenia,85 to 89,Both sexes,DALYs (Disability-Adjusted Life Years),Number,Mycobacterium tuberculosis,Resistance to one or more antibiotics,Associated,1996,0.8764337466429309,2.286675854622042,0.1969887557391453
Armenia,85 to 89,Both sexes,DALYs (Disability-Adjusted Life Years),Number,Mycobacterium tuberculosis,Resistance to one or more antibiotics,Associated,1997,1.1249835501945151,2.7735735245075706,0.2802884903079974
Armenia,85 to 89,Both sexes,DALYs (Disability-Adjusted Life Years),Number,Mycobacterium tuberculosis,Resistance to one or more antibiotics,Associated,1998,1.3711659199685948,3.1719178993681605,0.3742307407139614
Armenia,85 to 89,Both sexes,DALYs (Disability-Adjusted Life Years),Number,Mycobacterium tuberculosis,Resistance to one or more antibiotics,Associated,1999,1.6617867188196498,3.7004538679372856,0.4898415947202039
Armenia,85 to 89,Both sexes,DALYs (Disability-Adjusted Life Years),Number,Mycobacterium tuberculosis,Resistance to one or more antibiotics,Associated,2000,1.7829902141190248,3.8242665402566134,0.5692328624295748
Armenia,85 to 89,Both sexes,DALYs (Disability-Adjusted Life Years),Number,Mycobacterium tuberculosis,Resistance to one or more antibiotics,Associated,2001,1.903874997668648,3.904659549253484,0.6657059032905166
Armenia,85 to 89,Both sexes,DALYs (Disability-Adjusted Life Years),Number,Mycobacterium tuberculosis,Resistance to one or more antibiotics,Associated,2002,1.9955680809688077,3.8749518221804617,0.11618433975715381
Armenia,85 to 89,Both sexes,DALYs (Disability-Adjusted Life Years),Number,Mycobacterium tuberculosis,Resistance to one or more antibiotics,Associated,2003,2.139200755832856,3.9018009960849462,0.3766005155807659
Armenia,85 to 89,Both sexes,DALYs (Disability-Adjusted Life Years),Number,Mycobacterium tuberculosis,Resistance to one or more antibiotics,Associated,2004,1.9048394527109345,3.2695285565285612,0.5401503488933077
Armenia,85 to 89,Both sexes,DALYs (Disability-Adjusted Life Years),Number,Mycobacterium tuberculosis,Resistance to one or more antibiotics,Associated,2005,1.9705294347273532,3.1779504400572973,0.7631084293974091
Armenia,85 to 89,Both sexes,DALYs (Disability-Adjusted Life Years),Number,Mycobacterium tuberculosis,Resistance to one or more antibiotics,Associated,2006,2.119952856938013,3.2571276101668096,0.9827781037092165
Armenia,85 to 89,Both sexes,DALYs (Disability-Adjusted Life Years),Number,Mycobacterium tuberculosis,Resistance to one or more antibiotics,Associated,2007,2.4220480609275308,3.6372732069646467,1.2068229148904148
Armenia,85 to 89,Both sexes,DALYs (Disability-Adjusted Life Years),Number,Mycobacterium tuberculosis,Resistance to one or more antibiotics,Associated,2008,2.4580303852304746,3.7122016296456057,1.2038591408153434
Armenia,85 to 89,Both sexes,DALYs (Disability-Adjusted Life Years),Number,Mycobacterium tuberculosis,Resistance to one or more antibiotics,Associated,2009,2.935465944518619,4.543315860560523,1.3276160284767153
Armenia,85 to 89,Both sexes,DALYs (Disability-Adjusted Life Years),Number,Mycobacterium tuberculosis,Resistance to one or more antibiotics,Associated,2010,3.7390108395296977,5.950129905609069,1.5278917734503263
Armenia,85 to 89,Both sexes,DALYs (Disability-Adjusted Life Years),Number,Mycobacterium tuberculosis,Resistance to one or more antibiotics,Associated,2011,4.251808612402193,6.886491850311162,1.6171253744932246
Armenia,85 to 89,Both sexes,DALYs (Disability-Adjusted Life Years),Number,Mycobacterium tuberculosis,Resistance to one or more antibiotics,Associated,2012,4.416629231337466,7.392355593741404,1.4409028689335281
Armenia,85 to 89,Both sexes,DALYs (Disability-Adjusted Life Years),Number,Mycobacterium tuberculosis,Resistance to one or more antibiotics,Associated,2013,4.861324804195159,8.377001404475383,1.345648203914935
Armenia,85 to 89,Both sexes,DALYs (Disability-Adjusted Life Years),Number,Mycobacterium tuberculosis,Resistance to one or more antibiotics,Associated,2014,5.336768747868913,9.551025189806094,1.122512305931732
Armenia,85 to 89,Both sexes,DALYs (Disability-Adjusted Life Years),Number,Mycobacterium tuberculosis,Resistance to one or more antibiotics,Associated,2015,5.408175414186198,9.965197780255552,0.8511530481168439
Armenia,85 to 89,Both sexes,DALYs (Disability-Adjusted Life Years),Number,Mycobacterium tuberculosis,Resistance to one or more antibiotics,Associated,2016,5.276843775239812,9.895998644027824,0.6576889064518019
Armenia,85 to 89,Both sexes,DALYs (Disability-Adjusted Life Years),Number,Mycobacterium tuberculosis,Resistance to one or more antibiotics,Associated,2017,4.309110474270762,8.211524646926183,0.4066963016153413
Armenia,85 to 89,Both sexes,DALYs (Disability-Adjusted Life Years),Number,Mycobacterium tuberculosis,Resistance to one or more antibiotics,Associated,2018,3.760399795741539,7.284229336362327,0.2365702551207507
Armenia,85 to 89,Both sexes,DALYs (Disability-Adjusted Life Years),Number,Mycobacterium tuberculosis,Resistance to one or more antibiotics,Associated,2019,3.4068080242911565,6.695222304938473,0.11839374364384003
Armenia,85 to 89,Both sexes,DALYs (Disability-Adjusted Life Years),Number,Mycobacterium tuberculosis,Resistance to one or more antibiotics,Associated,2020,3.954677452058881,7.776494202395153,0.13286070172260978
Armenia,85 to 89,Both sexes,DALYs (Disability-Adjusted Life Years),Number,Mycobacterium tuberculosis,Resistance to one or more antibiotics,Associated,2021,3.647129645549257,7.227997507071885,0.06626178402662797
Armenia,85 to 89,Both sexes,DALYs (Disability-Adjusted Life Years),Number,Citrobacter spp.,Third-generation cephalosporins,Associated,1990,2.8502525881766667,4.468121387505847,1.2323837888474864
Armenia,85 to 89,Both sexes,DALYs (Disability-Adjusted Life Years),Number,Citrobacter spp.,Third-generation cephalosporins,Associated,1991,3.010460392051371,4.946743426092071,1.0741773580106715
Armenia,85 to 89,Both sexes,DALYs (Disability-Adjusted Life Years),Number,Citrobacter spp.,Third-generation cephalosporins,Associated,1992,3.307204273644145,5.248809325222721,1.3655992220655695
Armenia,85 to 89,Both sexes,DALYs (Disability-Adjusted Life Years),Number,Citrobacter spp.,Third-generation cephalosporins,Associated,1993,3.393273151925237,5.371810023840897,1.4147362800095773
Armenia,85 to 89,Both sexes,DALYs (Disability-Adjusted Life Years),Number,Citrobacter spp.,Third-generation cephalosporins,Associated,1994,3.127694310951916,4.888405409173565,1.366983212730267
Armenia,85 to 89,Both sexes,DALYs (Disability-Adjusted Life Years),Number,Citrobacter spp.,Third-generation cephalosporins,Associated,1995,2.920750851415029,4.655617713591077,1.1858839892389812
Armenia,85 to 89,Both sexes,DALYs (Disability-Adjusted Life Years),Number,Citrobacter spp.,Third-generation cephalosporins,Associated,1996,2.8913705014532,4.511241665799105,1.2714993371072958
Armenia,85 to 89,Both sexes,DALYs (Disability-Adjusted Life Years),Number,Citrobacter spp.,Third-generation cephalosporins,Associated,1997,2.7293177800158146,4.237574781898871,1.2210607781327576
Armenia,85 to 89,Both sexes,DALYs (Disability-Adjusted Life Years),Number,Citrobacter spp.,Third-generation cephalosporins,Associated,1998,2.702748501531986,4.32264411118073,1.082852891883242
Armenia,85 to 89,Both sexes,DALYs (Disability-Adjusted Life Years),Number,Citrobacter spp.,Third-generation cephalosporins,Associated,1999,2.8066453321835816,4.301281064597671,1.3120095997694923
Armenia,85 to 89,Both sexes,DALYs (Disability-Adjusted Life Years),Number,Citrobacter spp.,Third-generation cephalosporins,Associated,2000,2.827577819458844,4.268661884926001,1.3864937539916873
Armenia,85 to 89,Both sexes,DALYs (Disability-Adjusted Life Years),Number,Citrobacter spp.,Third-generation cephalosporins,Associated,2001,2.854375390842071,4.444044170834302,1.2647066108498393
Armenia,85 to 89,Both sexes,DALYs (Disability-Adjusted Life Years),Number,Citrobacter spp.,Third-generation cephalosporins,Associated,2002,2.844362913838678,4.409946985999687,1.2787788416776686
Armenia,85 to 89,Both sexes,DALYs (Disability-Adjusted Life Years),Number,Citrobacter spp.,Third-generation cephalosporins,Associated,2003,2.813389402527326,4.235518729507369,1.3912600755472835
Armenia,85 to 89,Both sexes,DALYs (Disability-Adjusted Life Years),Number,Citrobacter spp.,Third-generation cephalosporins,Associated,2004,2.6397900405468424,4.023779670013857,1.2558004110798282
Armenia,85 to 89,Both sexes,DALYs (Disability-Adjusted Life Years),Number,Citrobacter spp.,Third-generation cephalosporins,Associated,2005,2.8827805238865665,4.329805891283387,1.4357551564897457
Armenia,85 to 89,Both sexes,DALYs (Disability-Adjusted Life Years),Number,Citrobacter spp.,Third-generation cephalosporins,Associated,2006,3.1511497463070763,4.658678421400571,1.6436210712135817
Armenia,85 to 89,Both sexes,DALYs (Disability-Adjusted Life Years),Number,Citrobacter spp.,Third-generation cephalosporins,Associated,2007,3.282243617126741,4.935551259034643,1.6289359752188397
Armenia,85 to 89,Both sexes,DALYs (Disability-Adjusted Life Years),Number,Citrobacter spp.,Third-generation cephalosporins,Associated,2008,3.6876022466333183,5.460565133800561,1.914639359466076
Armenia,85 to 89,Both sexes,DALYs (Disability-Adjusted Life Years),Number,Citrobacter spp.,Third-generation cephalosporins,Associated,2009,4.5369024553139115,6.693596089689239,2.3802088209385848
Armenia,85 to 89,Both sexes,DALYs (Disability-Adjusted Life Years),Number,Citrobacter spp.,Third-generation cephalosporins,Associated,2010,5.771337162493316,8.522959886570039,3.019714438416592
Armenia,85 to 89,Both sexes,DALYs (Disability-Adjusted Life Years),Number,Citrobacter spp.,Third-generation cephalosporins,Associated,2011,7.221203184428074,10.81547618777938,3.6269301810767676
Armenia,85 to 89,Both sexes,DALYs (Disability-Adjusted Life Years),Number,Citrobacter spp.,Third-generation cephalosporins,Associated,2012,8.650131250235553,12.844868006213607,4.455394494257499
Armenia,85 to 89,Both sexes,DALYs (Disability-Adjusted Life Years),Number,Citrobacter spp.,Third-generation cephalosporins,Associated,2013,12.999316431110163,18.99148776484224,7.0071450973780856
Armenia,85 to 89,Both sexes,DALYs (Disability-Adjusted Life Years),Number,Citrobacter spp.,Third-generation cephalosporins,Associated,2014,14.43212572801292,21.32806642838417,7.5361850276416735
Armenia,85 to 89,Both sexes,DALYs (Disability-Adjusted Life Years),Number,Citrobacter spp.,Third-generation cephalosporins,Associated,2015,15.451119402412504,22.936647563597525,7.9655912412274805
Armenia,85 to 89,Both sexes,DALYs (Disability-Adjusted Life Years),Number,Citrobacter spp.,Third-generation cephalosporins,Associated,2016,14.79917607757796,21.972881290812992,7.625470864342924
Armenia,85 to 89,Both sexes,DALYs (Disability-Adjusted Life Years),Number,Citrobacter spp.,Third-generation cephalosporins,Associated,2017,13.51005128219554,20.013948090282856,7.006154474108225
Armenia,85 to 89,Both sexes,DALYs (Disability-Adjusted Life Years),Number,Citrobacter spp.,Third-generation cephalosporins,Associated,2018,12.616934023935583,18.816266902285626,6.417601145585538
Armenia,85 to 89,Both sexes,DALYs (Disability-Adjusted Life Years),Number,Citrobacter spp.,Third-generation cephalosporins,Associated,2019,11.855965426618539,17.57615208673073,6.135778766506349
Armenia,85 to 89,Both sexes,DALYs (Disability-Adjusted Life Years),Number,Citrobacter spp.,Third-generation cephalosporins,Associated,2020,11.735074642707152,16.90375850863287,6.566390776781434
Armenia,85 to 89,Both sexes,DALYs (Disability-Adjusted Life Years),Number,Citrobacter spp.,Third-generation cephalosporins,Associated,2021,11.617812792077665,17.269802060868233,5.965823523287095
Armenia,85 to 89,Both sexes,DALYs (Disability-Adjusted Life Years),Number,Escherichia coli,Third-generation cephalosporins,Associated,1990,41.313133163059916,65.65762797350396,16.968638352615876
Armenia,85 to 89,Both sexes,DALYs (Disability-Adjusted Life Years),Number,Escherichia coli,Third-generation cephalosporins,Associated,1991,40.43003000055775,67.69972560886887,13.160334392246632
Armenia,85 to 89,Both sexes,DALYs (Disability-Adjusted Life Years),Number,Escherichia coli,Third-generation cephalosporins,Associated,1992,49.8562708531753,79.09757822283676,20.614963483513844
Armenia,85 to 89,Both sexes,DALYs (Disability-Adjusted Life Years),Number,Escherichia coli,Third-generation cephalosporins,Associated,1993,45.53770031021746,73.35899388399383,17.71640673644109
Armenia,85 to 89,Both sexes,DALYs (Disability-Adjusted Life Years),Number,Escherichia coli,Third-generation cephalosporins,Associated,1994,43.690322215483825,69.34223332925549,18.03841110171215
Armenia,85 to 89,Both sexes,DALYs (Disability-Adjusted Life Years),Number,Escherichia coli,Third-generation cephalosporins,Associated,1995,40.17679910039534,64.85586108857217,15.49773711221852
Armenia,85 to 89,Both sexes,DALYs (Disability-Adjusted Life Years),Number,Escherichia coli,Third-generation cephalosporins,Associated,1996,40.27620387953448,63.735208173693685,16.81719958537527
Armenia,85 to 89,Both sexes,DALYs (Disability-Adjusted Life Years),Number,Escherichia coli,Third-generation cephalosporins,Associated,1997,40.75508593327469,63.60730843592375,17.902863430625636
Armenia,85 to 89,Both sexes,DALYs (Disability-Adjusted Life Years),Number,Escherichia coli,Third-generation cephalosporins,Associated,1998,40.89993645580259,66.0749512924989,15.724921619106283
Armenia,85 to 89,Both sexes,DALYs (Disability-Adjusted Life Years),Number,Escherichia coli,Third-generation cephalosporins,Associated,1999,43.87818206011849,67.47687796300072,20.279486157236267
Armenia,85 to 89,Both sexes,DALYs (Disability-Adjusted Life Years),Number,Escherichia coli,Third-generation cephalosporins,Associated,2000,44.39582539292596,66.79666549449676,21.994985291355153
Armenia,85 to 89,Both sexes,DALYs (Disability-Adjusted Life Years),Number,Escherichia coli,Third-generation cephalosporins,Associated,2001,45.86676940877091,71.29064877171761,20.442890045824203
Armenia,85 to 89,Both sexes,DALYs (Disability-Adjusted Life Years),Number,Escherichia coli,Third-generation cephalosporins,Associated,2002,47.92990307264708,73.68489072696335,22.17491541833081
Armenia,85 to 89,Both sexes,DALYs (Disability-Adjusted Life Years),Number,Escherichia coli,Third-generation cephalosporins,Associated,2003,47.4534793787855,70.89202579988253,24.014932957688476
Armenia,85 to 89,Both sexes,DALYs (Disability-Adjusted Life Years),Number,Escherichia coli,Third-generation cephalosporins,Associated,2004,46.91749045773577,70.64026639825892,23.19471451721261
Armenia,85 to 89,Both sexes,DALYs (Disability-Adjusted Life Years),Number,Escherichia coli,Third-generation cephalosporins,Associated,2005,55.06932623498818,80.57819952529145,29.56045294468491
Armenia,85 to 89,Both sexes,DALYs (Disability-Adjusted Life Years),Number,Escherichia coli,Third-generation cephalosporins,Associated,2006,61.0874768029946,87.91565256820088,34.25930103778832
Armenia,85 to 89,Both sexes,DALYs (Disability-Adjusted Life Years),Number,Escherichia coli,Third-generation cephalosporins,Associated,2007,67.51036178000844,97.32749471451271,37.693228845504166
Armenia,85 to 89,Both sexes,DALYs (Disability-Adjusted Life Years),Number,Escherichia coli,Third-generation cephalosporins,Associated,2008,79.14373601205612,112.31020652482408,45.97726549928816
Armenia,85 to 89,Both sexes,DALYs (Disability-Adjusted Life Years),Number,Escherichia coli,Third-generation cephalosporins,Associated,2009,108.19935733232478,150.8629672759285,65.53574738872106
Armenia,85 to 89,Both sexes,DALYs (Disability-Adjusted Life Years),Number,Escherichia coli,Third-generation cephalosporins,Associated,2010,135.1243527077985,189.05031744214327,81.19838797345372
Armenia,85 to 89,Both sexes,DALYs (Disability-Adjusted Life Years),Number,Escherichia coli,Third-generation cephalosporins,Associated,2011,174.3165502429808,242.45186600341157,106.18123448255005
Armenia,85 to 89,Both sexes,DALYs (Disability-Adjusted Life Years),Number,Escherichia coli,Third-generation cephalosporins,Associated,2012,209.71941162650901,292.4046230362261,127.03420021679196
Armenia,85 to 89,Both sexes,DALYs (Disability-Adjusted Life Years),Number,Escherichia coli,Third-generation cephalosporins,Associated,2013,282.88494239372665,393.4795172167551,172.2903675706982
Armenia,85 to 89,Both sexes,DALYs (Disability-Adjusted Life Years),Number,Escherichia coli,Third-generation cephalosporins,Associated,2014,331.44413762146286,461.9449143566494,200.94336088627628
Armenia,85 to 89,Both sexes,DALYs (Disability-Adjusted Life Years),Number,Escherichia coli,Third-generation cephalosporins,Associated,2015,323.880004721143,460.6899880118658,187.0700214304202
Armenia,85 to 89,Both sexes,DALYs (Disability-Adjusted Life Years),Number,Escherichia coli,Third-generation cephalosporins,Associated,2016,339.0450628777872,465.7754152007144,212.31471055486
Armenia,85 to 89,Both sexes,DALYs (Disability-Adjusted Life Years),Number,Escherichia coli,Third-generation cephalosporins,Associated,2017,294.17209956074555,404.280624974424,184.06357414706716
Armenia,85 to 89,Both sexes,DALYs (Disability-Adjusted Life Years),Number,Escherichia coli,Third-generation cephalosporins,Associated,2018,213.90805966067725,308.65729493165975,119.15882438969476
Armenia,85 to 89,Both sexes,DALYs (Disability-Adjusted Life Years),Number,Escherichia coli,Third-generation cephalosporins,Associated,2019,198.11366618002046,283.39059521833616,112.83673714170477
Armenia,85 to 89,Both sexes,DALYs (Disability-Adjusted Life Years),Number,Escherichia coli,Third-generation cephalosporins,Associated,2020,197.88467981061552,275.68519981572445,120.0841598055066
Armenia,85 to 89,Both sexes,DALYs (Disability-Adjusted Life Years),Number,Escherichia coli,Third-generation cephalosporins,Associated,2021,197.9735181839451,283.4726864256136,112.47434994227658
Armenia,85 to 89,Both sexes,DALYs (Disability-Adjusted Life Years),Number,Klebsiella pneumoniae,Third-generation cephalosporins,Associated,1990,15.660598727871077,21.305377222389154,10.015820233353
Armenia,85 to 89,Both sexes,DALYs (Disability-Adjusted Life Years),Number,Klebsiella pneumoniae,Third-generation cephalosporins,Associated,1991,15.677327349378968,22.16078582417512,9.193868874582813
Armenia,85 to 89,Both sexes,DALYs (Disability-Adjusted Life Years),Number,Klebsiella pneumoniae,Third-generation cephalosporins,Associated,1992,17.696589227111915,24.33522722352304,11.057951230700787
Armenia,85 to 89,Both sexes,DALYs (Disability-Adjusted Life Years),Number,Klebsiella pneumoniae,Third-generation cephalosporins,Associated,1993,17.451530054912077,24.01361845187735,10.889441657946804
Armenia,85 to 89,Both sexes,DALYs (Disability-Adjusted Life Years),Number,Klebsiella pneumoniae,Third-generation cephalosporins,Associated,1994,15.92739818632808,21.912549186549544,9.942247186106616
Armenia,85 to 89,Both sexes,DALYs (Disability-Adjusted Life Years),Number,Klebsiella pneumoniae,Third-generation cephalosporins,Associated,1995,14.742189013843698,20.47113919648705,9.013238831200345
Armenia,85 to 89,Both sexes,DALYs (Disability-Adjusted Life Years),Number,Klebsiella pneumoniae,Third-generation cephalosporins,Associated,1996,14.373915522675205,19.841135938235034,8.906695107115375
Armenia,85 to 89,Both sexes,DALYs (Disability-Adjusted Life Years),Number,Klebsiella pneumoniae,Third-generation cephalosporins,Associated,1997,13.487932660866713,18.490190800841784,8.485674520891642
Armenia,85 to 89,Both sexes,DALYs (Disability-Adjusted Life Years),Number,Klebsiella pneumoniae,Third-generation cephalosporins,Associated,1998,12.806923255391471,18.211309509906485,7.402537000876456
Armenia,85 to 89,Both sexes,DALYs (Disability-Adjusted Life Years),Number,Klebsiella pneumoniae,Third-generation cephalosporins,Associated,1999,13.23251818103846,18.13006300811181,8.334973353965108
Armenia,85 to 89,Both sexes,DALYs (Disability-Adjusted Life Years),Number,Klebsiella pneumoniae,Third-generation cephalosporins,Associated,2000,13.248925671961626,17.530852904877293,8.966998439045959
Armenia,85 to 89,Both sexes,DALYs (Disability-Adjusted Life Years),Number,Klebsiella pneumoniae,Third-generation cephalosporins,Associated,2001,13.24372156837293,18.033627638045814,8.453815498700045
Armenia,85 to 89,Both sexes,DALYs (Disability-Adjusted Life Years),Number,Klebsiella pneumoniae,Third-generation cephalosporins,Associated,2002,12.686941731561355,17.39815538910743,7.975728074015281
Armenia,85 to 89,Both sexes,DALYs (Disability-Adjusted Life Years),Number,Klebsiella pneumoniae,Third-generation cephalosporins,Associated,2003,12.543967460356141,16.517258968197865,8.570675952514415
Armenia,85 to 89,Both sexes,DALYs (Disability-Adjusted Life Years),Number,Klebsiella pneumoniae,Third-generation cephalosporins,Associated,2004,12.767897735566091,17.15057082478434,8.385224646347844
Armenia,85 to 89,Both sexes,DALYs (Disability-Adjusted Life Years),Number,Klebsiella pneumoniae,Third-generation cephalosporins,Associated,2005,15.44701858103258,20.47676038943748,10.41727677262768
Armenia,85 to 89,Both sexes,DALYs (Disability-Adjusted Life Years),Number,Klebsiella pneumoniae,Third-generation cephalosporins,Associated,2006,18.890318331091176,24.363406317394297,13.417230344788056
Armenia,85 to 89,Both sexes,DALYs (Disability-Adjusted Life Years),Number,Klebsiella pneumoniae,Third-generation cephalosporins,Associated,2007,29.01199439409012,37.13197452386615,20.892014264314092
Armenia,85 to 89,Both sexes,DALYs (Disability-Adjusted Life Years),Number,Klebsiella pneumoniae,Third-generation cephalosporins,Associated,2008,34.62171435294681,43.56781573479035,25.67561297110327
Armenia,85 to 89,Both sexes,DALYs (Disability-Adjusted Life Years),Number,Klebsiella pneumoniae,Third-generation cephalosporins,Associated,2009,50.35786892177434,63.13961077247843,37.57612707107025
Armenia,85 to 89,Both sexes,DALYs (Disability-Adjusted Life Years),Number,Klebsiella pneumoniae,Third-generation cephalosporins,Associated,2010,61.63296481586486,76.91726444180324,46.34866518992648
Armenia,85 to 89,Both sexes,DALYs (Disability-Adjusted Life Years),Number,Klebsiella pneumoniae,Third-generation cephalosporins,Associated,2011,72.41605675360961,90.79989831368616,54.03221519353306
Armenia,85 to 89,Both sexes,DALYs (Disability-Adjusted Life Years),Number,Klebsiella pneumoniae,Third-generation cephalosporins,Associated,2012,74.51791499042335,94.29952166212547,54.736308318721235
Armenia,85 to 89,Both sexes,DALYs (Disability-Adjusted Life Years),Number,Klebsiella pneumoniae,Third-generation cephalosporins,Associated,2013,89.07613411384382,111.34112177573795,66.8111464519497
Armenia,85 to 89,Both sexes,DALYs (Disability-Adjusted Life Years),Number,Klebsiella pneumoniae,Third-generation cephalosporins,Associated,2014,114.73785410884274,143.64907904437985,85.82662917330565
Armenia,85 to 89,Both sexes,DALYs (Disability-Adjusted Life Years),Number,Klebsiella pneumoniae,Third-generation cephalosporins,Associated,2015,185.91960274205786,229.5137512556907,142.32545422842503
Armenia,85 to 89,Both sexes,DALYs (Disability-Adjusted Life Years),Number,Klebsiella pneumoniae,Third-generation cephalosporins,Associated,2016,252.0636512570798,297.2097599427706,206.91754257138905
Armenia,85 to 89,Both sexes,DALYs (Disability-Adjusted Life Years),Number,Klebsiella pneumoniae,Third-generation cephalosporins,Associated,2017,240.73402337438947,284.1989840077708,197.26906274100816
Armenia,85 to 89,Both sexes,DALYs (Disability-Adjusted Life Years),Number,Klebsiella pneumoniae,Third-generation cephalosporins,Associated,2018,146.04365799610127,179.77275869085645,112.3145573013461
Armenia,85 to 89,Both sexes,DALYs (Disability-Adjusted Life Years),Number,Klebsiella pneumoniae,Third-generation cephalosporins,Associated,2019,122.17617669698217,150.62839588798957,93.72395750597477
Armenia,85 to 89,Both sexes,DALYs (Disability-Adjusted Life Years),Number,Klebsiella pneumoniae,Third-generation cephalosporins,Associated,2020,129.0680775149006,153.96364170300782,104.1725133267934
Armenia,85 to 89,Both sexes,DALYs (Disability-Adjusted Life Years),Number,Klebsiella pneumoniae,Third-generation cephalosporins,Associated,2021,135.22737088281775,165.8035464393416,104.65119532629392
Armenia,85 to 89,Both sexes,DALYs (Disability-Adjusted Life Years),Number,Morganella spp.,Third-generation cephalosporins,Associated,1990,1.406238628824826,1.7975542637512165,1.0149229938984357
Armenia,85 to 89,Both sexes,DALYs (Disability-Adjusted Life Years),Number,Morganella spp.,Third-generation cephalosporins,Associated,1991,1.4861665656046092,1.9042734708624303,1.0680596603467882
Armenia,85 to 89,Both sexes,DALYs (Disability-Adjusted Life Years),Number,Morganella spp.,Third-generation cephalosporins,Associated,1992,1.6191711082546068,2.047344014406808,1.1909982021024055
Armenia,85 to 89,Both sexes,DALYs (Disability-Adjusted Life Years),Number,Morganella spp.,Third-generation cephalosporins,Associated,1993,1.6568441320416243,2.091663068948807,1.2220251951344414
Armenia,85 to 89,Both sexes,DALYs (Disability-Adjusted Life Years),Number,Morganella spp.,Third-generation cephalosporins,Associated,1994,1.5659634288402633,2.0057732058523254,1.1261536518282012
Armenia,85 to 89,Both sexes,DALYs (Disability-Adjusted Life Years),Number,Morganella spp.,Third-generation cephalosporins,Associated,1995,1.4507079440325292,1.8684261376272828,1.0329897504377756
Armenia,85 to 89,Both sexes,DALYs (Disability-Adjusted Life Years),Number,Morganella spp.,Third-generation cephalosporins,Associated,1996,1.4547807792067657,1.8543452762827026,1.0552162821308289
Armenia,85 to 89,Both sexes,DALYs (Disability-Adjusted Life Years),Number,Morganella spp.,Third-generation cephalosporins,Associated,1997,1.3833575801716602,1.757569021656961,1.0091461386863594
Armenia,85 to 89,Both sexes,DALYs (Disability-Adjusted Life Years),Number,Morganella spp.,Third-generation cephalosporins,Associated,1998,1.398148128661545,1.872653020999522,0.9236432363235678
Armenia,85 to 89,Both sexes,DALYs (Disability-Adjusted Life Years),Number,Morganella spp.,Third-generation cephalosporins,Associated,1999,1.4814765645607835,1.8736954428421422,1.0892576862794248
Armenia,85 to 89,Both sexes,DALYs (Disability-Adjusted Life Years),Number,Morganella spp.,Third-generation cephalosporins,Associated,2000,1.5056867461111785,1.8651007599037719,1.146272732318585
Armenia,85 to 89,Both sexes,DALYs (Disability-Adjusted Life Years),Number,Morganella spp.,Third-generation cephalosporins,Associated,2001,1.4595837868772166,1.8707348710892415,1.0484327026651916
Armenia,85 to 89,Both sexes,DALYs (Disability-Adjusted Life Years),Number,Morganella spp.,Third-generation cephalosporins,Associated,2002,1.3797808060595083,1.742490497613648,1.0170711145053686
Armenia,85 to 89,Both sexes,DALYs (Disability-Adjusted Life Years),Number,Morganella spp.,Third-generation cephalosporins,Associated,2003,1.301337484203299,1.6172144804001805,0.9854604880064175
Armenia,85 to 89,Both sexes,DALYs (Disability-Adjusted Life Years),Number,Morganella spp.,Third-generation cephalosporins,Associated,2004,1.1397271692243305,1.4261197929478024,0.8533345455008584
Armenia,85 to 89,Both sexes,DALYs (Disability-Adjusted Life Years),Number,Morganella spp.,Third-generation cephalosporins,Associated,2005,1.18367988265,1.477618397075342,0.8897413682246578
Armenia,85 to 89,Both sexes,DALYs (Disability-Adjusted Life Years),Number,Morganella spp.,Third-generation cephalosporins,Associated,2006,1.2264392700561528,1.4847557092899062,0.9681228308223995
Armenia,85 to 89,Both sexes,DALYs (Disability-Adjusted Life Years),Number,Morganella spp.,Third-generation cephalosporins,Associated,2007,1.2209082033101357,1.4996430756805543,0.9421733309397171
Armenia,85 to 89,Both sexes,DALYs (Disability-Adjusted Life Years),Number,Morganella spp.,Third-generation cephalosporins,Associated,2008,1.317929903624391,1.5668786924571867,1.0689811147915953
Armenia,85 to 89,Both sexes,DALYs (Disability-Adjusted Life Years),Number,Morganella spp.,Third-generation cephalosporins,Associated,2009,1.5742499658651936,1.8983915172728587,1.2501084144575285
Armenia,85 to 89,Both sexes,DALYs (Disability-Adjusted Life Years),Number,Morganella spp.,Third-generation cephalosporins,Associated,2010,1.926876913631609,2.2832653359843933,1.570488491278825
Armenia,85 to 89,Both sexes,DALYs (Disability-Adjusted Life Years),Number,Morganella spp.,Third-generation cephalosporins,Associated,2011,2.4342704445400325,2.888376689859199,1.9801641992208656
Armenia,85 to 89,Both sexes,DALYs (Disability-Adjusted Life Years),Number,Morganella spp.,Third-generation cephalosporins,Associated,2012,2.8956717966381094,3.474467651117671,2.3168759421585476
Armenia,85 to 89,Both sexes,DALYs (Disability-Adjusted Life Years),Number,Morganella spp.,Third-generation cephalosporins,Associated,2013,3.4916203015181124,4.1107587755589945,2.8724818274772304
Armenia,85 to 89,Both sexes,DALYs (Disability-Adjusted Life Years),Number,Morganella spp.,Third-generation cephalosporins,Associated,2014,3.9377063271799306,4.638506367317715,3.236906287042146
Armenia,85 to 89,Both sexes,DALYs (Disability-Adjusted Life Years),Number,Morganella spp.,Third-generation cephalosporins,Associated,2015,4.346095418115768,5.141205649916568,3.550985186314968
Armenia,85 to 89,Both sexes,DALYs (Disability-Adjusted Life Years),Number,Morganella spp.,Third-generation cephalosporins,Associated,2016,4.191754740574321,4.9548275003909765,3.4286819807576663
Armenia,85 to 89,Both sexes,DALYs (Disability-Adjusted Life Years),Number,Morganella spp.,Third-generation cephalosporins,Associated,2017,3.970767799310098,4.734391855381876,3.2071437432383205
Armenia,85 to 89,Both sexes,DALYs (Disability-Adjusted Life Years),Number,Morganella spp.,Third-generation cephalosporins,Associated,2018,3.8139222845638137,4.553238869961875,3.074605699165752
Armenia,85 to 89,Both sexes,DALYs (Disability-Adjusted Life Years),Number,Morganella spp.,Third-generation cephalosporins,Associated,2019,3.642397631162222,4.296584186055523,2.9882110762689207
Armenia,85 to 89,Both sexes,DALYs (Disability-Adjusted Life Years),Number,Morganella spp.,Third-generation cephalosporins,Associated,2020,3.6663998427969173,4.258195098427978,3.074604587165856
Armenia,85 to 89,Both sexes,DALYs (Disability-Adjusted Life Years),Number,Morganella spp.,Third-generation cephalosporins,Associated,2021,3.66836202095478,4.36390131920161,2.9728227227079493
Armenia,85 to 89,Both sexes,DALYs (Disability-Adjusted Life Years),Number,Proteus spp.,Third-generation cephalosporins,Associated,1990,1.7640054471375368,3.675633729325165,0.6512566397819298
Armenia,85 to 89,Both sexes,DALYs (Disability-Adjusted Life Years),Number,Proteus spp.,Third-generation cephalosporins,Associated,1991,2.0535414264532106,4.539264644505718,0.7439172739667116
Armenia,85 to 89,Both sexes,DALYs (Disability-Adjusted Life Years),Number,Proteus spp.,Third-generation cephalosporins,Associated,1992,2.1003539715406503,4.434985585537154,0.7764600288254148
Armenia,85 to 89,Both sexes,DALYs (Disability-Adjusted Life Years),Number,Proteus spp.,Third-generation cephalosporins,Associated,1993,2.200021406366618,4.60662335560748,0.8366453321006896
Armenia,85 to 89,Both sexes,DALYs (Disability-Adjusted Life Years),Number,Proteus spp.,Third-generation cephalosporins,Associated,1994,1.9549499391212164,3.9537229126908446,0.7504703345992519
Armenia,85 to 89,Both sexes,DALYs (Disability-Adjusted Life Years),Number,Proteus spp.,Third-generation cephalosporins,Associated,1995,1.8438377406134245,3.783600232488415,0.6897865906653677
Armenia,85 to 89,Both sexes,DALYs (Disability-Adjusted Life Years),Number,Proteus spp.,Third-generation cephalosporins,Associated,1996,2.0626975668859453,4.104498666963778,0.020896466808112635
Armenia,85 to 89,Both sexes,DALYs (Disability-Adjusted Life Years),Number,Proteus spp.,Third-generation cephalosporins,Associated,1997,1.7449700429481272,3.542023223462764,0.6755855919215675
Armenia,85 to 89,Both sexes,DALYs (Disability-Adjusted Life Years),Number,Proteus spp.,Third-generation cephalosporins,Associated,1998,1.888977172222638,3.931099087134117,0.71647762832813
Armenia,85 to 89,Both sexes,DALYs (Disability-Adjusted Life Years),Number,Proteus spp.,Third-generation cephalosporins,Associated,1999,1.9757259126579036,3.893020029559292,0.05843179575651525
Armenia,85 to 89,Both sexes,DALYs (Disability-Adjusted Life Years),Number,Proteus spp.,Third-generation cephalosporins,Associated,2000,1.9536917894930097,3.788643858947478,0.11873972003854139
Armenia,85 to 89,Both sexes,DALYs (Disability-Adjusted Life Years),Number,Proteus spp.,Third-generation cephalosporins,Associated,2001,2.022655552419331,4.095823071153781,0.7809493878346868
Armenia,85 to 89,Both sexes,DALYs (Disability-Adjusted Life Years),Number,Proteus spp.,Third-generation cephalosporins,Associated,2002,1.9794792889969122,3.917721895353643,0.04123668264018132
Armenia,85 to 89,Both sexes,DALYs (Disability-Adjusted Life Years),Number,Proteus spp.,Third-generation cephalosporins,Associated,2003,1.949888627211398,3.749279796286454,0.15049745813634163
Armenia,85 to 89,Both sexes,DALYs (Disability-Adjusted Life Years),Number,Proteus spp.,Third-generation cephalosporins,Associated,2004,1.6448479547492507,3.221213674461221,0.06848223503728024
Armenia,85 to 89,Both sexes,DALYs (Disability-Adjusted Life Years),Number,Proteus spp.,Third-generation cephalosporins,Associated,2005,1.8856086083057648,3.6062247671237966,0.16499244948773284
Armenia,85 to 89,Both sexes,DALYs (Disability-Adjusted Life Years),Number,Proteus spp.,Third-generation cephalosporins,Associated,2006,2.12994840602978,3.990453983236862,0.2694428288226982
Armenia,85 to 89,Both sexes,DALYs (Disability-Adjusted Life Years),Number,Proteus spp.,Third-generation cephalosporins,Associated,2007,2.2166948467359346,4.27981143172582,0.15357826174604927
Armenia,85 to 89,Both sexes,DALYs (Disability-Adjusted Life Years),Number,Proteus spp.,Third-generation cephalosporins,Associated,2008,2.8856293765086116,5.463152768827413,0.3081059841898095
Armenia,85 to 89,Both sexes,DALYs (Disability-Adjusted Life Years),Number,Proteus spp.,Third-generation cephalosporins,Associated,2009,4.275345236890771,8.0143255240058,0.5363649497757415
Armenia,85 to 89,Both sexes,DALYs (Disability-Adjusted Life Years),Number,Proteus spp.,Third-generation cephalosporins,Associated,2010,8.80804754047009,16.124652066880945,1.4914430140592358
Armenia,85 to 89,Both sexes,DALYs (Disability-Adjusted Life Years),Number,Proteus spp.,Third-generation cephalosporins,Associated,2011,11.463153587371837,21.202362542441797,1.7239446323018743
Armenia,85 to 89,Both sexes,DALYs (Disability-Adjusted Life Years),Number,Proteus spp.,Third-generation cephalosporins,Associated,2012,14.85615889113441,27.100113869544018,2.6122039127248033
Armenia,85 to 89,Both sexes,DALYs (Disability-Adjusted Life Years),Number,Proteus spp.,Third-generation cephalosporins,Associated,2013,22.104152596828005,40.02906687025332,4.179238323402693
Armenia,85 to 89,Both sexes,DALYs (Disability-Adjusted Life Years),Number,Proteus spp.,Third-generation cephalosporins,Associated,2014,31.081505761945095,55.262741299006315,6.900270224883876
Armenia,85 to 89,Both sexes,DALYs (Disability-Adjusted Life Years),Number,Proteus spp.,Third-generation cephalosporins,Associated,2015,36.36327149325427,63.84649808502105,8.880044901487487
Armenia,85 to 89,Both sexes,DALYs (Disability-Adjusted Life Years),Number,Proteus spp.,Third-generation cephalosporins,Associated,2016,31.11739554580278,55.37989044788935,6.85490064371621
Armenia,85 to 89,Both sexes,DALYs (Disability-Adjusted Life Years),Number,Proteus spp.,Third-generation cephalosporins,Associated,2017,28.463092306349967,50.24005228897785,6.686132323722088
Armenia,85 to 89,Both sexes,DALYs (Disability-Adjusted Life Years),Number,Proteus spp.,Third-generation cephalosporins,Associated,2018,27.084287396103274,47.627124428140654,6.541450364065895
Armenia,85 to 89,Both sexes,DALYs (Disability-Adjusted Life Years),Number,Proteus spp.,Third-generation cephalosporins,Associated,2019,26.103193697650326,45.17977679103921,7.0266106042614425
Armenia,85 to 89,Both sexes,DALYs (Disability-Adjusted Life Years),Number,Proteus spp.,Third-generation cephalosporins,Associated,2020,26.22462653686309,44.2390886112733,8.210164462452877
Armenia,85 to 89,Both sexes,DALYs (Disability-Adjusted Life Years),Number,Proteus spp.,Third-generation cephalosporins,Associated,2021,26.745803232920874,46.400513535642794,7.091092930198954
Armenia,85 to 89,Both sexes,DALYs (Disability-Adjusted Life Years),Number,Serratia spp.,Third-generation cephalosporins,Associated,1990,12.383982176830106,17.49632922155036,7.271635132109852
Armenia,85 to 89,Both sexes,DALYs (Disability-Adjusted Life Years),Number,Serratia spp.,Third-generation cephalosporins,Associated,1991,12.613206577952628,18.62418006888759,6.602233087017668
Armenia,85 to 89,Both sexes,DALYs (Disability-Adjusted Life Years),Number,Serratia spp.,Third-generation cephalosporins,Associated,1992,14.27343728789955,20.308254615083285,8.238619960715814
Armenia,85 to 89,Both sexes,DALYs (Disability-Adjusted Life Years),Number,Serratia spp.,Third-generation cephalosporins,Associated,1993,14.479903038592436,20.601518952590514,8.358287124594359
Armenia,85 to 89,Both sexes,DALYs (Disability-Adjusted Life Years),Number,Serratia spp.,Third-generation cephalosporins,Associated,1994,12.540187257140314,18.02101114935002,7.059363364930609
Armenia,85 to 89,Both sexes,DALYs (Disability-Adjusted Life Years),Number,Serratia spp.,Third-generation cephalosporins,Associated,1995,12.010672976856014,17.446339274103703,6.575006679608325
Armenia,85 to 89,Both sexes,DALYs (Disability-Adjusted Life Years),Number,Serratia spp.,Third-generation cephalosporins,Associated,1996,11.55382971301469,16.566370369737765,6.541289056291613
Armenia,85 to 89,Both sexes,DALYs (Disability-Adjusted Life Years),Number,Serratia spp.,Third-generation cephalosporins,Associated,1997,10.455079299620936,14.958545631106936,5.951612968134936
Armenia,85 to 89,Both sexes,DALYs (Disability-Adjusted Life Years),Number,Serratia spp.,Third-generation cephalosporins,Associated,1998,9.94597856100838,14.773943645679328,5.118013476337431
Armenia,85 to 89,Both sexes,DALYs (Disability-Adjusted Life Years),Number,Serratia spp.,Third-generation cephalosporins,Associated,1999,9.525299155113926,13.904980603054437,5.145617707173415
Armenia,85 to 89,Both sexes,DALYs (Disability-Adjusted Life Years),Number,Serratia spp.,Third-generation cephalosporins,Associated,2000,9.41416905440282,13.263971584566534,5.564366524239105
Armenia,85 to 89,Both sexes,DALYs (Disability-Adjusted Life Years),Number,Serratia spp.,Third-generation cephalosporins,Associated,2001,9.602623725702234,13.823305975041787,5.381941476362679
Armenia,85 to 89,Both sexes,DALYs (Disability-Adjusted Life Years),Number,Serratia spp.,Third-generation cephalosporins,Associated,2002,8.984521749892194,13.270661359457568,4.698382140326819
Armenia,85 to 89,Both sexes,DALYs (Disability-Adjusted Life Years),Number,Serratia spp.,Third-generation cephalosporins,Associated,2003,8.659755245101566,12.23539541473948,5.084115075463652
Armenia,85 to 89,Both sexes,DALYs (Disability-Adjusted Life Years),Number,Serratia spp.,Third-generation cephalosporins,Associated,2004,7.539329964668161,10.994192850806975,4.084467078529346
Armenia,85 to 89,Both sexes,DALYs (Disability-Adjusted Life Years),Number,Serratia spp.,Third-generation cephalosporins,Associated,2005,8.203400619528582,11.765659632933314,4.641141606123849
Armenia,85 to 89,Both sexes,DALYs (Disability-Adjusted Life Years),Number,Serratia spp.,Third-generation cephalosporins,Associated,2006,9.014409168359686,12.650511411818448,5.378306924900924
Armenia,85 to 89,Both sexes,DALYs (Disability-Adjusted Life Years),Number,Serratia spp.,Third-generation cephalosporins,Associated,2007,9.647399336841215,13.601550998743749,5.6932476749386804
Armenia,85 to 89,Both sexes,DALYs (Disability-Adjusted Life Years),Number,Serratia spp.,Third-generation cephalosporins,Associated,2008,10.147164116745525,14.11215301242048,6.182175221070571
Armenia,85 to 89,Both sexes,DALYs (Disability-Adjusted Life Years),Number,Serratia spp.,Third-generation cephalosporins,Associated,2009,11.310410380888712,15.963911867639709,6.656908894137714
Armenia,85 to 89,Both sexes,DALYs (Disability-Adjusted Life Years),Number,Serratia spp.,Third-generation cephalosporins,Associated,2010,14.980893208362428,20.934782909953086,9.02700350677177
Armenia,85 to 89,Both sexes,DALYs (Disability-Adjusted Life Years),Number,Serratia spp.,Third-generation cephalosporins,Associated,2011,20.51247492699488,28.371934982697667,12.653014871292092
Armenia,85 to 89,Both sexes,DALYs (Disability-Adjusted Life Years),Number,Serratia spp.,Third-generation cephalosporins,Associated,2012,21.597437293837814,30.40289287733024,12.791981710345391
Armenia,85 to 89,Both sexes,DALYs (Disability-Adjusted Life Years),Number,Serratia spp.,Third-generation cephalosporins,Associated,2013,26.59860162027153,37.26737541337303,15.929827827170032
Armenia,85 to 89,Both sexes,DALYs (Disability-Adjusted Life Years),Number,Serratia spp.,Third-generation cephalosporins,Associated,2014,28.16578135313331,40.16919403103392,16.1623686752327
Armenia,85 to 89,Both sexes,DALYs (Disability-Adjusted Life Years),Number,Serratia spp.,Third-generation cephalosporins,Associated,2015,32.28404214746003,45.92933139995753,18.638752894962522
Armenia,85 to 89,Both sexes,DALYs (Disability-Adjusted Life Years),Number,Serratia spp.,Third-generation cephalosporins,Associated,2016,31.759932934015627,44.736790044831835,18.78307582319942
Armenia,85 to 89,Both sexes,DALYs (Disability-Adjusted Life Years),Number,Serratia spp.,Third-generation cephalosporins,Associated,2017,30.308367050441564,42.609887570091274,18.006846530791854
Armenia,85 to 89,Both sexes,DALYs (Disability-Adjusted Life Years),Number,Serratia spp.,Third-generation cephalosporins,Associated,2018,27.47099363560961,39.19822860438801,15.743758666831214
Armenia,85 to 89,Both sexes,DALYs (Disability-Adjusted Life Years),Number,Serratia spp.,Third-generation cephalosporins,Associated,2019,26.03853596459795,36.82542666868076,15.251645260515136
Armenia,85 to 89,Both sexes,DALYs (Disability-Adjusted Life Years),Number,Serratia spp.,Third-generation cephalosporins,Associated,2020,27.330281587808976,37.185845307537505,17.474717868080447
Armenia,85 to 89,Both sexes,DALYs (Disability-Adjusted Life Years),Number,Serratia spp.,Third-generation cephalosporins,Associated,2021,25.31362727638234,36.00015820626084,14.62709634650384
Armenia,85 to 89,Both sexes,DALYs (Disability-Adjusted Life Years),Number,Neisseria gonorrhoeae,Third-generation cephalosporins,Associated,1990,9.881529097591517e-17,1.898635693133684e-13,0
Armenia,85 to 89,Both sexes,DALYs (Disability-Adjusted Life Years),Number,Neisseria gonorrhoeae,Third-generation cephalosporins,Associated,1991,2.1092608302165634e-16,6.28781910717935e-16,0
Armenia,85 to 89,Both sexes,DALYs (Disability-Adjusted Life Years),Number,Neisseria gonorrhoeae,Third-generation cephalosporins,Associated,1992,3.5293648922225376e-16,1.0541200243051144e-15,0
Armenia,85 to 89,Both sexes,DALYs (Disability-Adjusted Life Years),Number,Neisseria gonorrhoeae,Third-generation cephalosporins,Associated,1993,4.90669147595174e-16,1.906713521612859e-15,0
Armenia,85 to 89,Both sexes,DALYs (Disability-Adjusted Life Years),Number,Neisseria gonorrhoeae,Third-generation cephalosporins,Associated,1994,4.73836213357716e-16,1.5984275866729285e-15,0
Armenia,85 to 89,Both sexes,DALYs (Disability-Adjusted Life Years),Number,Neisseria gonorrhoeae,Third-generation cephalosporins,Associated,1995,7.167106075615549e-16,2.038885569674292e-15,0
Armenia,85 to 89,Both sexes,DALYs (Disability-Adjusted Life Years),Number,Neisseria gonorrhoeae,Third-generation cephalosporins,Associated,1996,9.529009703571205e-16,2.451681986056135e-15,0
Armenia,85 to 89,Both sexes,DALYs (Disability-Adjusted Life Years),Number,Neisseria gonorrhoeae,Third-generation cephalosporins,Associated,1997,1.2975466132926358e-15,3.5186486358310176e-15,0
Armenia,85 to 89,Both sexes,DALYs (Disability-Adjusted Life Years),Number,Neisseria gonorrhoeae,Third-generation cephalosporins,Associated,1998,1.2897959653545438e-15,8.771094048020442e-15,0
Armenia,85 to 89,Both sexes,DALYs (Disability-Adjusted Life Years),Number,Neisseria gonorrhoeae,Third-generation cephalosporins,Associated,1999,1.5644701327329107e-15,3.830018662550702e-15,0
Armenia,85 to 89,Both sexes,DALYs (Disability-Adjusted Life Years),Number,Neisseria gonorrhoeae,Third-generation cephalosporins,Associated,2000,1.6882375668869833e-15,6.103406234441355e-15,0
Armenia,85 to 89,Both sexes,DALYs (Disability-Adjusted Life Years),Number,Neisseria gonorrhoeae,Third-generation cephalosporins,Associated,2001,1.6888256968265548e-15,4.108502492065784e-15,0
Armenia,85 to 89,Both sexes,DALYs (Disability-Adjusted Life Years),Number,Neisseria gonorrhoeae,Third-generation cephalosporins,Associated,2002,1.5939705593101956e-15,3.719499909117786e-15,0
Armenia,85 to 89,Both sexes,DALYs (Disability-Adjusted Life Years),Number,Neisseria gonorrhoeae,Third-generation cephalosporins,Associated,2003,1.5683357297781547e-15,5.5609259293101295e-15,0
Armenia,85 to 89,Both sexes,DALYs (Disability-Adjusted Life Years),Number,Neisseria gonorrhoeae,Third-generation cephalosporins,Associated,2004,1.5477941465422537e-15,5.081824727827316e-15,0
Armenia,85 to 89,Both sexes,DALYs (Disability-Adjusted Life Years),Number,Neisseria gonorrhoeae,Third-generation cephalosporins,Associated,2005,1.4369672074383697e-15,3.95977534452967e-15,0
Armenia,85 to 89,Both sexes,DALYs (Disability-Adjusted Life Years),Number,Neisseria gonorrhoeae,Third-generation cephalosporins,Associated,2006,1.3918097914490318e-15,3.2876209219005416e-15,0
Armenia,85 to 89,Both sexes,DALYs (Disability-Adjusted Life Years),Number,Neisseria gonorrhoeae,Third-generation cephalosporins,Associated,2007,9.169443926255865e-16,4.012546984267396e-15,0
Armenia,85 to 89,Both sexes,DALYs (Disability-Adjusted Life Years),Number,Neisseria gonorrhoeae,Third-generation cephalosporins,Associated,2008,4.976166987276914e-16,2.8944565822941557e-15,0
Armenia,85 to 89,Both sexes,DALYs (Disability-Adjusted Life Years),Number,Neisseria gonorrhoeae,Third-generation cephalosporins,Associated,2009,1.7314940973371701e-16,1.2743431583837803e-15,0
Armenia,85 to 89,Both sexes,DALYs (Disability-Adjusted Life Years),Number,Neisseria gonorrhoeae,Third-generation cephalosporins,Associated,2010,2.831801508678101e-17,7.150304423812841e-17,0
Armenia,85 to 89,Both sexes,DALYs (Disability-Adjusted Life Years),Number,Neisseria gonorrhoeae,Third-generation cephalosporins,Associated,2011,2.476858868110525e-16,5.300553710682846e-13,0
Armenia,85 to 89,Both sexes,DALYs (Disability-Adjusted Life Years),Number,Neisseria gonorrhoeae,Third-generation cephalosporins,Associated,2012,1.035365645178909e-15,3.0301675762748077e-12,0
Armenia,85 to 89,Both sexes,DALYs (Disability-Adjusted Life Years),Number,Neisseria gonorrhoeae,Third-generation cephalosporins,Associated,2013,2.7176196785703042e-15,1.029236837019092e-12,0
Armenia,85 to 89,Both sexes,DALYs (Disability-Adjusted Life Years),Number,Neisseria gonorrhoeae,Third-generation cephalosporins,Associated,2014,4.349119172977675e-15,3.751852512681906e-12,0
Armenia,85 to 89,Both sexes,DALYs (Disability-Adjusted Life Years),Number,Neisseria gonorrhoeae,Third-generation cephalosporins,Associated,2015,5.229861819557201e-15,1.5313828025773227e-14,0
Armenia,85 to 89,Both sexes,DALYs (Disability-Adjusted Life Years),Number,Neisseria gonorrhoeae,Third-generation cephalosporins,Associated,2016,6.001173927677956e-15,1.522542225785735e-14,0
Armenia,85 to 89,Both sexes,DALYs (Disability-Adjusted Life Years),Number,Neisseria gonorrhoeae,Third-generation cephalosporins,Associated,2017,4.257520630947498e-15,1.2215754729482248e-14,0
Armenia,85 to 89,Both sexes,DALYs (Disability-Adjusted Life Years),Number,Neisseria gonorrhoeae,Third-generation cephalosporins,Associated,2018,1.492836225999534e-15,4.114309180132912e-15,0
Armenia,85 to 89,Both sexes,DALYs (Disability-Adjusted Life Years),Number,Neisseria gonorrhoeae,Third-generation cephalosporins,Associated,2019,5.77834218804528e-16,1.3653289876045416e-15,0
Armenia,85 to 89,Both sexes,DALYs (Disability-Adjusted Life Years),Number,Neisseria gonorrhoeae,Third-generation cephalosporins,Associated,2020,1.7827226133745143e-14,4.761807529242423e-14,2.1872417616512777e-15
Armenia,85 to 89,Both sexes,DALYs (Disability-Adjusted Life Years),Number,Neisseria gonorrhoeae,Third-generation cephalosporins,Associated,2021,2.1245728472554e-15,1.2068999774655278e-14,0
Armenia,85 to 89,Both sexes,DALYs (Disability-Adjusted Life Years),Number,Haemophilus influenzae,Aminopenicillin,Associated,1990,3.7250613244780713,5.57995663523336,1.870166013722782
Armenia,85 to 89,Both sexes,DALYs (Disability-Adjusted Life Years),Number,Haemophilus influenzae,Aminopenicillin,Associated,1991,3.870002203099801,6.094787961365849,1.6452164448337525
Armenia,85 to 89,Both sexes,DALYs (Disability-Adjusted Life Years),Number,Haemophilus influenzae,Aminopenicillin,Associated,1992,4.234319480865688,6.426409167634951,2.042229794096425
Armenia,85 to 89,Both sexes,DALYs (Disability-Adjusted Life Years),Number,Haemophilus influenzae,Aminopenicillin,Associated,1993,4.349128871410924,6.546508633141909,2.1517491096799395
Armenia,85 to 89,Both sexes,DALYs (Disability-Adjusted Life Years),Number,Haemophilus influenzae,Aminopenicillin,Associated,1994,3.9554817627554195,5.9470307913979825,1.9639327341128563
Armenia,85 to 89,Both sexes,DALYs (Disability-Adjusted Life Years),Number,Haemophilus influenzae,Aminopenicillin,Associated,1995,3.806564440863683,5.7567301244576035,1.8563987572697627
Armenia,85 to 89,Both sexes,DALYs (Disability-Adjusted Life Years),Number,Haemophilus influenzae,Aminopenicillin,Associated,1996,3.7397549437681104,5.642421884459616,1.8370880030766044
Armenia,85 to 89,Both sexes,DALYs (Disability-Adjusted Life Years),Number,Haemophilus influenzae,Aminopenicillin,Associated,1997,3.533026179084142,5.339214330130183,1.726838028038101
Armenia,85 to 89,Both sexes,DALYs (Disability-Adjusted Life Years),Number,Haemophilus influenzae,Aminopenicillin,Associated,1998,3.3433852890958966,5.182006476952694,1.504764101239099
Armenia,85 to 89,Both sexes,DALYs (Disability-Adjusted Life Years),Number,Haemophilus influenzae,Aminopenicillin,Associated,1999,3.3752942105549906,5.126620007418779,1.6239684136912018
Armenia,85 to 89,Both sexes,DALYs (Disability-Adjusted Life Years),Number,Haemophilus influenzae,Aminopenicillin,Associated,2000,3.3048761649920944,4.853392520148135,1.7563598098360542
Armenia,85 to 89,Both sexes,DALYs (Disability-Adjusted Life Years),Number,Haemophilus influenzae,Aminopenicillin,Associated,2001,3.273312781811512,4.8580959335574265,1.6885296300655979
Armenia,85 to 89,Both sexes,DALYs (Disability-Adjusted Life Years),Number,Haemophilus influenzae,Aminopenicillin,Associated,2002,3.207446400427709,4.909228699766048,1.5056641010893697
Armenia,85 to 89,Both sexes,DALYs (Disability-Adjusted Life Years),Number,Haemophilus influenzae,Aminopenicillin,Associated,2003,3.0466996041497545,4.357036846308189,1.7363623619913198
Armenia,85 to 89,Both sexes,DALYs (Disability-Adjusted Life Years),Number,Haemophilus influenzae,Aminopenicillin,Associated,2004,2.8497906933627415,4.224588548350583,1.4749928383748994
Armenia,85 to 89,Both sexes,DALYs (Disability-Adjusted Life Years),Number,Haemophilus influenzae,Aminopenicillin,Associated,2005,3.1856815631767903,4.702795298592209,1.668567827761372
Armenia,85 to 89,Both sexes,DALYs (Disability-Adjusted Life Years),Number,Haemophilus influenzae,Aminopenicillin,Associated,2006,3.5699999102024744,5.177887990649996,1.9621118297549531
Armenia,85 to 89,Both sexes,DALYs (Disability-Adjusted Life Years),Number,Haemophilus influenzae,Aminopenicillin,Associated,2007,3.779738218634794,5.41734992800903,2.1421265092605575
Armenia,85 to 89,Both sexes,DALYs (Disability-Adjusted Life Years),Number,Haemophilus influenzae,Aminopenicillin,Associated,2008,4.20015054432284,5.999976962850203,2.4003241257954766
Armenia,85 to 89,Both sexes,DALYs (Disability-Adjusted Life Years),Number,Haemophilus influenzae,Aminopenicillin,Associated,2009,4.829439846604625,6.969103397781894,2.6897762954273565
Armenia,85 to 89,Both sexes,DALYs (Disability-Adjusted Life Years),Number,Haemophilus influenzae,Aminopenicillin,Associated,2010,6.7976916121676645,9.711058731405966,3.8843244929293617
Armenia,85 to 89,Both sexes,DALYs (Disability-Adjusted Life Years),Number,Haemophilus influenzae,Aminopenicillin,Associated,2011,8.057922474030766,11.65137322308596,4.4644717249755725
Armenia,85 to 89,Both sexes,DALYs (Disability-Adjusted Life Years),Number,Haemophilus influenzae,Aminopenicillin,Associated,2012,9.375367717453996,13.56836770036838,5.18236773453961
Armenia,85 to 89,Both sexes,DALYs (Disability-Adjusted Life Years),Number,Haemophilus influenzae,Aminopenicillin,Associated,2013,10.835958116683681,15.268852803837964,6.403063429529398
Armenia,85 to 89,Both sexes,DALYs (Disability-Adjusted Life Years),Number,Haemophilus influenzae,Aminopenicillin,Associated,2014,12.415936856552378,17.847571062663462,6.984302650441293
Armenia,85 to 89,Both sexes,DALYs (Disability-Adjusted Life Years),Number,Haemophilus influenzae,Aminopenicillin,Associated,2015,13.806716990016136,20.159063784586085,7.454370195446187
Armenia,85 to 89,Both sexes,DALYs (Disability-Adjusted Life Years),Number,Haemophilus influenzae,Aminopenicillin,Associated,2016,14.351322345559499,20.306491114983157,8.396153576135841
Armenia,85 to 89,Both sexes,DALYs (Disability-Adjusted Life Years),Number,Haemophilus influenzae,Aminopenicillin,Associated,2017,14.229960988657512,19.935210299938714,8.52471167737631
Armenia,85 to 89,Both sexes,DALYs (Disability-Adjusted Life Years),Number,Haemophilus influenzae,Aminopenicillin,Associated,2018,14.672730895994246,20.63101936171624,8.71444243027225
Armenia,85 to 89,Both sexes,DALYs (Disability-Adjusted Life Years),Number,Haemophilus influenzae,Aminopenicillin,Associated,2019,14.715051098888987,20.71486615850681,8.715236039271165
Armenia,85 to 89,Both sexes,DALYs (Disability-Adjusted Life Years),Number,Haemophilus influenzae,Aminopenicillin,Associated,2020,14.699622828717011,19.98407412637208,9.415171531061945
Armenia,85 to 89,Both sexes,DALYs (Disability-Adjusted Life Years),Number,Haemophilus influenzae,Aminopenicillin,Associated,2021,14.841737308529733,20.851119087408325,8.832355529651142
Armenia,85 to 89,Both sexes,DALYs (Disability-Adjusted Life Years),Number,Mycobacterium tuberculosis,Extensive drug resistance in TB,Associated,1990,0,0,0
Armenia,85 to 89,Both sexes,DALYs (Disability-Adjusted Life Years),Number,Mycobacterium tuberculosis,Extensive drug resistance in TB,Associated,1991,0.00003822886668945844,0.0001160235721222,0.00000903162721963554
Armenia,85 to 89,Both sexes,DALYs (Disability-Adjusted Life Years),Number,Mycobacterium tuberculosis,Extensive drug resistance in TB,Associated,1992,0.00014124760850879627,0.000353169788664883,0.000034452393317801405
Armenia,85 to 89,Both sexes,DALYs (Disability-Adjusted Life Years),Number,Mycobacterium tuberculosis,Extensive drug resistance in TB,Associated,1993,0.0027257659625459,0.0085106919129204,0.0005021582079064
Armenia,85 to 89,Both sexes,DALYs (Disability-Adjusted Life Years),Number,Mycobacterium tuberculosis,Extensive drug resistance in TB,Associated,1994,0.0089488286750457,0.027607548073349,0.0016302220183173
Armenia,85 to 89,Both sexes,DALYs (Disability-Adjusted Life Years),Number,Mycobacterium tuberculosis,Extensive drug resistance in TB,Associated,1995,0.0224005642638989,0.0637953356439386,0.0044247083736466
Armenia,85 to 89,Both sexes,DALYs (Disability-Adjusted Life Years),Number,Mycobacterium tuberculosis,Extensive drug resistance in TB,Associated,1996,0.0470275971439904,0.1236412603770716,0.0103058246584541
Armenia,85 to 89,Both sexes,DALYs (Disability-Adjusted Life Years),Number,Mycobacterium tuberculosis,Extensive drug resistance in TB,Associated,1997,0.0750362987489734,0.185738296977675,0.0181222969549186
Armenia,85 to 89,Both sexes,DALYs (Disability-Adjusted Life Years),Number,Mycobacterium tuberculosis,Extensive drug resistance in TB,Associated,1998,0.1089160669431219,0.2527998975853502,0.0287380396012076
Armenia,85 to 89,Both sexes,DALYs (Disability-Adjusted Life Years),Number,Mycobacterium tuberculosis,Extensive drug resistance in TB,Associated,1999,0.15269724165546147,0.3401240493321247,0.04340453820180901
Armenia,85 to 89,Both sexes,DALYs (Disability-Adjusted Life Years),Number,Mycobacterium tuberculosis,Extensive drug resistance in TB,Associated,2000,0.18525854957506563,0.3973587273125533,0.05704502404692034
Armenia,85 to 89,Both sexes,DALYs (Disability-Adjusted Life Years),Number,Mycobacterium tuberculosis,Extensive drug resistance in TB,Associated,2001,0.22006551582912962,0.45460383716655545,0.07366135573460081
Armenia,85 to 89,Both sexes,DALYs (Disability-Adjusted Life Years),Number,Mycobacterium tuberculosis,Extensive drug resistance in TB,Associated,2002,0.25317236156719525,0.4995360997216045,0.0068086234127860135
Armenia,85 to 89,Both sexes,DALYs (Disability-Adjusted Life Years),Number,Mycobacterium tuberculosis,Extensive drug resistance in TB,Associated,2003,0.2962974452395737,0.553763987144628,0.038830903334519384
Armenia,85 to 89,Both sexes,DALYs (Disability-Adjusted Life Years),Number,Mycobacterium tuberculosis,Extensive drug resistance in TB,Associated,2004,0.28341089436261263,0.5023804717655307,0.06444131695969452
Armenia,85 to 89,Both sexes,DALYs (Disability-Adjusted Life Years),Number,Mycobacterium tuberculosis,Extensive drug resistance in TB,Associated,2005,0.3156152172316158,0.5318185430506414,0.09941189141259019
Armenia,85 to 89,Both sexes,DALYs (Disability-Adjusted Life Years),Number,Mycobacterium tuberculosis,Extensive drug resistance in TB,Associated,2006,0.3643670450804479,0.589165840687978,0.13956824947291788
Armenia,85 to 89,Both sexes,DALYs (Disability-Adjusted Life Years),Number,Mycobacterium tuberculosis,Extensive drug resistance in TB,Associated,2007,0.44435033710063465,0.7026576592968922,0.18604301490437714
Armenia,85 to 89,Both sexes,DALYs (Disability-Adjusted Life Years),Number,Mycobacterium tuberculosis,Extensive drug resistance in TB,Associated,2008,0.47526557179703205,0.7549572759617047,0.19557386763235934
Armenia,85 to 89,Both sexes,DALYs (Disability-Adjusted Life Years),Number,Mycobacterium tuberculosis,Extensive drug resistance in TB,Associated,2009,0.6005729607523536,0.972007670791901,0.22913825071280608
Armenia,85 to 89,Both sexes,DALYs (Disability-Adjusted Life Years),Number,Mycobacterium tuberculosis,Extensive drug resistance in TB,Associated,2010,0.8057814900078375,1.3363810337898547,0.27518194622582015
Armenia,85 to 89,Both sexes,DALYs (Disability-Adjusted Life Years),Number,Mycobacterium tuberculosis,Extensive drug resistance in TB,Associated,2011,0.9565215100073173,1.620250254755668,0.29279276525896647
Armenia,85 to 89,Both sexes,DALYs (Disability-Adjusted Life Years),Number,Mycobacterium tuberculosis,Extensive drug resistance in TB,Associated,2012,1.0348873559841651,1.8022395489702028,0.26753516299812763
Armenia,85 to 89,Both sexes,DALYs (Disability-Adjusted Life Years),Number,Mycobacterium tuberculosis,Extensive drug resistance in TB,Associated,2013,1.1900117187376278,2.127134127533716,0.2528893099415397
Armenia,85 to 89,Both sexes,DALYs (Disability-Adjusted Life Years),Number,Mycobacterium tuberculosis,Extensive drug resistance in TB,Associated,2014,1.367175353604091,2.5130701543231986,0.2212805528849835
Armenia,85 to 89,Both sexes,DALYs (Disability-Adjusted Life Years),Number,Mycobacterium tuberculosis,Extensive drug resistance in TB,Associated,2015,1.4390314467396512,2.7155654908391593,0.1624974026401429
Armenia,85 to 89,Both sexes,DALYs (Disability-Adjusted Life Years),Number,Mycobacterium tuberculosis,Extensive drug resistance in TB,Associated,2016,1.4563015578800702,2.792845633524699,0.11975748223544103
Armenia,85 to 89,Both sexes,DALYs (Disability-Adjusted Life Years),Number,Mycobacterium tuberculosis,Extensive drug resistance in TB,Associated,2017,1.2176656620087298,2.3638266724812564,0.07150465153620322
Armenia,85 to 89,Both sexes,DALYs (Disability-Adjusted Life Years),Number,Mycobacterium tuberculosis,Extensive drug resistance in TB,Associated,2018,1.092828525846271,2.1534119812163404,0.03224507047620162
Armenia,85 to 89,Both sexes,DALYs (Disability-Adjusted Life Years),Number,Mycobacterium tuberculosis,Extensive drug resistance in TB,Associated,2019,1.0198589375894587,2.033466530530596,0.006251344648321444
Armenia,85 to 89,Both sexes,DALYs (Disability-Adjusted Life Years),Number,Mycobacterium tuberculosis,Extensive drug resistance in TB,Associated,2020,1.2004028943811633,2.408098883641378,0.39228563804231686
Armenia,85 to 89,Both sexes,DALYs (Disability-Adjusted Life Years),Number,Mycobacterium tuberculosis,Extensive drug resistance in TB,Associated,2021,1.1047528685501917,2.2296336546132385,0.3565363498580045
Armenia,85 to 89,Both sexes,DALYs (Disability-Adjusted Life Years),Number,Group A Streptococcus,Macrolides,Associated,1990,3.0644958173434054,4.50437241276812,1.624619221918691
Armenia,85 to 89,Both sexes,DALYs (Disability-Adjusted Life Years),Number,Group A Streptococcus,Macrolides,Associated,1991,3.2281906648747984,4.435588136708346,2.020793193041251
Armenia,85 to 89,Both sexes,DALYs (Disability-Adjusted Life Years),Number,Group A Streptococcus,Macrolides,Associated,1992,3.540700032897676,4.8194803628527545,2.2619197029425973
Armenia,85 to 89,Both sexes,DALYs (Disability-Adjusted Life Years),Number,Group A Streptococcus,Macrolides,Associated,1993,3.6708767117711334,4.929634229086424,2.412119194455843
Armenia,85 to 89,Both sexes,DALYs (Disability-Adjusted Life Years),Number,Group A Streptococcus,Macrolides,Associated,1994,3.367934633929641,4.5658871197251125,2.16998214813417
Armenia,85 to 89,Both sexes,DALYs (Disability-Adjusted Life Years),Number,Group A Streptococcus,Macrolides,Associated,1995,3.1364398081678804,4.313425068797958,1.9594545475378022
Armenia,85 to 89,Both sexes,DALYs (Disability-Adjusted Life Years),Number,Group A Streptococcus,Macrolides,Associated,1996,3.0599516305309082,4.102466121879829,2.0174371391819883
Armenia,85 to 89,Both sexes,DALYs (Disability-Adjusted Life Years),Number,Group A Streptococcus,Macrolides,Associated,1997,2.8336929338478205,3.906120869528925,1.7612649981667163
Armenia,85 to 89,Both sexes,DALYs (Disability-Adjusted Life Years),Number,Group A Streptococcus,Macrolides,Associated,1998,2.7776856483429135,3.9058269220761153,1.6495443746097116
Armenia,85 to 89,Both sexes,DALYs (Disability-Adjusted Life Years),Number,Group A Streptococcus,Macrolides,Associated,1999,2.8374150615459137,4.045157173823416,1.629672949268412
Armenia,85 to 89,Both sexes,DALYs (Disability-Adjusted Life Years),Number,Group A Streptococcus,Macrolides,Associated,2000,2.839548201091569,3.727180319380429,1.951916082802709
Armenia,85 to 89,Both sexes,DALYs (Disability-Adjusted Life Years),Number,Group A Streptococcus,Macrolides,Associated,2001,2.874311229120959,3.8763953838153205,1.8722270744265979
Armenia,85 to 89,Both sexes,DALYs (Disability-Adjusted Life Years),Number,Group A Streptococcus,Macrolides,Associated,2002,3.4267879322900336,4.677988353470625,2.175587511109442
Armenia,85 to 89,Both sexes,DALYs (Disability-Adjusted Life Years),Number,Group A Streptococcus,Macrolides,Associated,2003,3.3801780200355367,4.524485190904166,2.235870849166908
Armenia,85 to 89,Both sexes,DALYs (Disability-Adjusted Life Years),Number,Group A Streptococcus,Macrolides,Associated,2004,3.100248599266742,4.131023724288681,2.0694734742448024
Armenia,85 to 89,Both sexes,DALYs (Disability-Adjusted Life Years),Number,Group A Streptococcus,Macrolides,Associated,2005,3.1188095240284084,4.208826045078247,2.02879300297857
Armenia,85 to 89,Both sexes,DALYs (Disability-Adjusted Life Years),Number,Group A Streptococcus,Macrolides,Associated,2006,3.3666066913354964,4.29530623622997,2.437907146441023
Armenia,85 to 89,Both sexes,DALYs (Disability-Adjusted Life Years),Number,Group A Streptococcus,Macrolides,Associated,2007,3.9533235784453415,5.168282045683636,2.7383651112070466
Armenia,85 to 89,Both sexes,DALYs (Disability-Adjusted Life Years),Number,Group A Streptococcus,Macrolides,Associated,2008,4.557765364153363,5.7639917427741425,3.351538985532584
Armenia,85 to 89,Both sexes,DALYs (Disability-Adjusted Life Years),Number,Group A Streptococcus,Macrolides,Associated,2009,5.8788609558341145,7.47568439090833,4.282037520759899
Armenia,85 to 89,Both sexes,DALYs (Disability-Adjusted Life Years),Number,Group A Streptococcus,Macrolides,Associated,2010,9.011930326128637,11.335483672791373,6.688376979465899
Armenia,85 to 89,Both sexes,DALYs (Disability-Adjusted Life Years),Number,Group A Streptococcus,Macrolides,Associated,2011,11.555288368795125,14.42632885839393,8.68424787919632
Armenia,85 to 89,Both sexes,DALYs (Disability-Adjusted Life Years),Number,Group A Streptococcus,Macrolides,Associated,2012,13.443591022971823,16.796670506005555,10.090511539938092
Armenia,85 to 89,Both sexes,DALYs (Disability-Adjusted Life Years),Number,Group A Streptococcus,Macrolides,Associated,2013,16.81053093837321,21.004991581316656,12.616070295429761
Armenia,85 to 89,Both sexes,DALYs (Disability-Adjusted Life Years),Number,Group A Streptococcus,Macrolides,Associated,2014,18.023353702791923,22.455435263065027,13.591272142518818
Armenia,85 to 89,Both sexes,DALYs (Disability-Adjusted Life Years),Number,Group A Streptococcus,Macrolides,Associated,2015,21.332492465536085,26.04337841779705,16.62160651327512
Armenia,85 to 89,Both sexes,DALYs (Disability-Adjusted Life Years),Number,Group A Streptococcus,Macrolides,Associated,2016,20.665896658534606,24.86325069112043,16.468542625948782
Armenia,85 to 89,Both sexes,DALYs (Disability-Adjusted Life Years),Number,Group A Streptococcus,Macrolides,Associated,2017,21.046750336042074,25.7341292278094,16.359371444274746
Armenia,85 to 89,Both sexes,DALYs (Disability-Adjusted Life Years),Number,Group A Streptococcus,Macrolides,Associated,2018,20.119193332410056,24.595023128395525,15.643363536424587
Armenia,85 to 89,Both sexes,DALYs (Disability-Adjusted Life Years),Number,Group A Streptococcus,Macrolides,Associated,2019,18.33688232448479,22.030395039778334,14.643369609191245
Armenia,85 to 89,Both sexes,DALYs (Disability-Adjusted Life Years),Number,Group A Streptococcus,Macrolides,Associated,2020,19.45781142376163,23.68942097421633,15.22620187330693
Armenia,85 to 89,Both sexes,DALYs (Disability-Adjusted Life Years),Number,Group A Streptococcus,Macrolides,Associated,2021,19.677077254000174,23.910567004412044,15.443587503588303
Armenia,85 to 89,Both sexes,DALYs (Disability-Adjusted Life Years),Number,Streptococcus pneumoniae,Macrolides,Associated,1990,23.929824022599092,36.08591868037025,11.773729364827938
Armenia,85 to 89,Both sexes,DALYs (Disability-Adjusted Life Years),Number,Streptococcus pneumoniae,Macrolides,Associated,1991,27.5480015032946,43.48713708699813,11.608865919591066
Armenia,85 to 89,Both sexes,DALYs (Disability-Adjusted Life Years),Number,Streptococcus pneumoniae,Macrolides,Associated,1992,32.610355417870636,49.20459049609892,16.01612033964235
Armenia,85 to 89,Both sexes,DALYs (Disability-Adjusted Life Years),Number,Streptococcus pneumoniae,Macrolides,Associated,1993,35.6544251830436,53.61182637172871,17.697023994358492
Armenia,85 to 89,Both sexes,DALYs (Disability-Adjusted Life Years),Number,Streptococcus pneumoniae,Macrolides,Associated,1994,33.166410965548074,49.75316580568162,16.57965612541453
Armenia,85 to 89,Both sexes,DALYs (Disability-Adjusted Life Years),Number,Streptococcus pneumoniae,Macrolides,Associated,1995,30.54213209696495,46.00219348184109,15.082070712088806
Armenia,85 to 89,Both sexes,DALYs (Disability-Adjusted Life Years),Number,Streptococcus pneumoniae,Macrolides,Associated,1996,29.516195495039817,44.43557510967139,14.59681588040824
Armenia,85 to 89,Both sexes,DALYs (Disability-Adjusted Life Years),Number,Streptococcus pneumoniae,Macrolides,Associated,1997,26.1642963938317,39.390134408753724,12.938458378909678
Armenia,85 to 89,Both sexes,DALYs (Disability-Adjusted Life Years),Number,Streptococcus pneumoniae,Macrolides,Associated,1998,26.110784000428026,40.28162279187376,11.939945208982296
Armenia,85 to 89,Both sexes,DALYs (Disability-Adjusted Life Years),Number,Streptococcus pneumoniae,Macrolides,Associated,1999,26.059358967846123,39.19242429465217,12.926293641040077
Armenia,85 to 89,Both sexes,DALYs (Disability-Adjusted Life Years),Number,Streptococcus pneumoniae,Macrolides,Associated,2000,27.03740962060167,39.556580241951146,14.5182389992522
Armenia,85 to 89,Both sexes,DALYs (Disability-Adjusted Life Years),Number,Streptococcus pneumoniae,Macrolides,Associated,2001,26.980457266394062,39.856669874582906,14.104244658205221
Armenia,85 to 89,Both sexes,DALYs (Disability-Adjusted Life Years),Number,Streptococcus pneumoniae,Macrolides,Associated,2002,27.03548649147091,41.14623866956876,12.924734313373056
Armenia,85 to 89,Both sexes,DALYs (Disability-Adjusted Life Years),Number,Streptococcus pneumoniae,Macrolides,Associated,2003,27.164560287876647,38.760507522470235,15.568613053283059
Armenia,85 to 89,Both sexes,DALYs (Disability-Adjusted Life Years),Number,Streptococcus pneumoniae,Macrolides,Associated,2004,27.204316791317577,39.89629569550144,14.512337887133711
Armenia,85 to 89,Both sexes,DALYs (Disability-Adjusted Life Years),Number,Streptococcus pneumoniae,Macrolides,Associated,2005,36.58806078218613,52.980014095178895,20.19610746919337
Armenia,85 to 89,Both sexes,DALYs (Disability-Adjusted Life Years),Number,Streptococcus pneumoniae,Macrolides,Associated,2006,42.29887291658332,59.958283332623594,24.639462500543043
Armenia,85 to 89,Both sexes,DALYs (Disability-Adjusted Life Years),Number,Streptococcus pneumoniae,Macrolides,Associated,2007,38.83855985400545,55.04518119123189,22.631938516779012
Armenia,85 to 89,Both sexes,DALYs (Disability-Adjusted Life Years),Number,Streptococcus pneumoniae,Macrolides,Associated,2008,40.25481432763598,56.82634131654673,23.68328733872522
Armenia,85 to 89,Both sexes,DALYs (Disability-Adjusted Life Years),Number,Streptococcus pneumoniae,Macrolides,Associated,2009,42.52994120830993,60.895674694450136,24.164207722169717
Armenia,85 to 89,Both sexes,DALYs (Disability-Adjusted Life Years),Number,Streptococcus pneumoniae,Macrolides,Associated,2010,48.42866167360357,69.52172507827072,27.335598268936415
Armenia,85 to 89,Both sexes,DALYs (Disability-Adjusted Life Years),Number,Streptococcus pneumoniae,Macrolides,Associated,2011,44.16244948572604,64.75530912640875,23.569589845043335
Armenia,85 to 89,Both sexes,DALYs (Disability-Adjusted Life Years),Number,Streptococcus pneumoniae,Macrolides,Associated,2012,47.906047812261086,70.50750138748798,25.30459423703419
Armenia,85 to 89,Both sexes,DALYs (Disability-Adjusted Life Years),Number,Streptococcus pneumoniae,Macrolides,Associated,2013,57.82465426209791,83.40837474784065,32.24093377635516
Armenia,85 to 89,Both sexes,DALYs (Disability-Adjusted Life Years),Number,Streptococcus pneumoniae,Macrolides,Associated,2014,71.7196524422002,104.51530205723262,38.924002827167776
Armenia,85 to 89,Both sexes,DALYs (Disability-Adjusted Life Years),Number,Streptococcus pneumoniae,Macrolides,Associated,2015,84.70413973777161,124.51676390739942,44.89151556814381
Armenia,85 to 89,Both sexes,DALYs (Disability-Adjusted Life Years),Number,Streptococcus pneumoniae,Macrolides,Associated,2016,96.73879823096772,138.0738611762721,55.40373528566334
Armenia,85 to 89,Both sexes,DALYs (Disability-Adjusted Life Years),Number,Streptococcus pneumoniae,Macrolides,Associated,2017,103.8296661184895,146.50312071671186,61.15621152026715
Armenia,85 to 89,Both sexes,DALYs (Disability-Adjusted Life Years),Number,Streptococcus pneumoniae,Macrolides,Associated,2018,105.13271445822231,148.75753021533308,61.50789870111156
Armenia,85 to 89,Both sexes,DALYs (Disability-Adjusted Life Years),Number,Streptococcus pneumoniae,Macrolides,Associated,2019,105.29614504075025,148.83945217192323,61.75283790957727
Armenia,85 to 89,Both sexes,DALYs (Disability-Adjusted Life Years),Number,Streptococcus pneumoniae,Macrolides,Associated,2020,108.43695763294774,149.0487975320588,67.82511773383665
Armenia,85 to 89,Both sexes,DALYs (Disability-Adjusted Life Years),Number,Streptococcus pneumoniae,Macrolides,Associated,2021,100.06974004521476,140.03691522909324,60.102564861336276
Armenia,85 to 89,Both sexes,DALYs (Disability-Adjusted Life Years),Number,Staphylococcus aureus,Methicillin,Associated,1990,68.75808586744246,120.48571691987553,17.030454815009392
Armenia,85 to 89,Both sexes,DALYs (Disability-Adjusted Life Years),Number,Staphylococcus aureus,Methicillin,Associated,1991,72.08897066174416,134.669187889929,9.50875343355932
Armenia,85 to 89,Both sexes,DALYs (Disability-Adjusted Life Years),Number,Staphylococcus aureus,Methicillin,Associated,1992,83.72556828132048,146.45569378932987,20.99544277331109
Armenia,85 to 89,Both sexes,DALYs (Disability-Adjusted Life Years),Number,Staphylococcus aureus,Methicillin,Associated,1993,89.88005392285197,156.02093877869106,23.739169067012867
Armenia,85 to 89,Both sexes,DALYs (Disability-Adjusted Life Years),Number,Staphylococcus aureus,Methicillin,Associated,1994,73.00526721543538,128.9345122274929,17.076022203377867
Armenia,85 to 89,Both sexes,DALYs (Disability-Adjusted Life Years),Number,Staphylococcus aureus,Methicillin,Associated,1995,78.93313311695742,138.50742013705303,19.358846096861818
Armenia,85 to 89,Both sexes,DALYs (Disability-Adjusted Life Years),Number,Staphylococcus aureus,Methicillin,Associated,1996,79.32048703252099,136.48812709405826,22.15284697098373
Armenia,85 to 89,Both sexes,DALYs (Disability-Adjusted Life Years),Number,Staphylococcus aureus,Methicillin,Associated,1997,75.73491731016387,129.53797834035169,21.93185627997603
Armenia,85 to 89,Both sexes,DALYs (Disability-Adjusted Life Years),Number,Staphylococcus aureus,Methicillin,Associated,1998,72.72453782860175,128.01958749024345,17.42948816696005
Armenia,85 to 89,Both sexes,DALYs (Disability-Adjusted Life Years),Number,Staphylococcus aureus,Methicillin,Associated,1999,76.04437115730674,132.38122502386693,19.70751729074656
Armenia,85 to 89,Both sexes,DALYs (Disability-Adjusted Life Years),Number,Staphylococcus aureus,Methicillin,Associated,2000,76.6565385953658,128.19369729665405,25.119379894077547
Armenia,85 to 89,Both sexes,DALYs (Disability-Adjusted Life Years),Number,Staphylococcus aureus,Methicillin,Associated,2001,75.96234470334942,130.16389458894753,21.760794817751318
Armenia,85 to 89,Both sexes,DALYs (Disability-Adjusted Life Years),Number,Staphylococcus aureus,Methicillin,Associated,2002,73.19843773076597,129.6194235539249,16.777451907607045
Armenia,85 to 89,Both sexes,DALYs (Disability-Adjusted Life Years),Number,Staphylococcus aureus,Methicillin,Associated,2003,74.66626982679949,124.45857920113802,24.873960452460963
Armenia,85 to 89,Both sexes,DALYs (Disability-Adjusted Life Years),Number,Staphylococcus aureus,Methicillin,Associated,2004,66.41204035440958,115.16350740462545,17.66057330419371
Armenia,85 to 89,Both sexes,DALYs (Disability-Adjusted Life Years),Number,Staphylococcus aureus,Methicillin,Associated,2005,69.45452347771001,118.81469194350211,20.094355011917905
Armenia,85 to 89,Both sexes,DALYs (Disability-Adjusted Life Years),Number,Staphylococcus aureus,Methicillin,Associated,2006,75.1707355681292,127.03519295131984,23.306278184938563
Armenia,85 to 89,Both sexes,DALYs (Disability-Adjusted Life Years),Number,Staphylococcus aureus,Methicillin,Associated,2007,76.04350250965136,130.0893233210591,21.99768169824361
Armenia,85 to 89,Both sexes,DALYs (Disability-Adjusted Life Years),Number,Staphylococcus aureus,Methicillin,Associated,2008,83.16871511808537,140.09135310874422,26.24607712742654
Armenia,85 to 89,Both sexes,DALYs (Disability-Adjusted Life Years),Number,Staphylococcus aureus,Methicillin,Associated,2009,96.95133640287527,164.53256087201743,29.370111933733128
Armenia,85 to 89,Both sexes,DALYs (Disability-Adjusted Life Years),Number,Staphylococcus aureus,Methicillin,Associated,2010,119.39402214535333,204.3975744004635,34.39046989024317
Armenia,85 to 89,Both sexes,DALYs (Disability-Adjusted Life Years),Number,Staphylococcus aureus,Methicillin,Associated,2011,147.58482066377152,253.47617407259617,41.693467254946896
Armenia,85 to 89,Both sexes,DALYs (Disability-Adjusted Life Years),Number,Staphylococcus aureus,Methicillin,Associated,2012,176.86477040876082,303.10237250684713,50.62716831067449
Armenia,85 to 89,Both sexes,DALYs (Disability-Adjusted Life Years),Number,Staphylococcus aureus,Methicillin,Associated,2013,208.06431127446524,359.6943157701089,56.43430677882159
Armenia,85 to 89,Both sexes,DALYs (Disability-Adjusted Life Years),Number,Staphylococcus aureus,Methicillin,Associated,2014,236.8389513803866,414.747422636093,58.9304801246802
Armenia,85 to 89,Both sexes,DALYs (Disability-Adjusted Life Years),Number,Staphylococcus aureus,Methicillin,Associated,2015,262.6554395110912,458.3787353951483,66.93214362703407
Armenia,85 to 89,Both sexes,DALYs (Disability-Adjusted Life Years),Number,Staphylococcus aureus,Methicillin,Associated,2016,275.86773531415895,473.979015308787,77.75645531953091
Armenia,85 to 89,Both sexes,DALYs (Disability-Adjusted Life Years),Number,Staphylococcus aureus,Methicillin,Associated,2017,269.1197417910297,461.45265541162723,76.78682817043219
Armenia,85 to 89,Both sexes,DALYs (Disability-Adjusted Life Years),Number,Staphylococcus aureus,Methicillin,Associated,2018,251.8666092418219,436.9543148828791,66.77890360076469
Armenia,85 to 89,Both sexes,DALYs (Disability-Adjusted Life Years),Number,Staphylococcus aureus,Methicillin,Associated,2019,252.27582556454152,433.1252501149772,71.42640101410586
Armenia,85 to 89,Both sexes,DALYs (Disability-Adjusted Life Years),Number,Staphylococcus aureus,Methicillin,Associated,2020,255.94680050926323,428.659493126626,83.23410789190049
Armenia,85 to 89,Both sexes,DALYs (Disability-Adjusted Life Years),Number,Staphylococcus aureus,Methicillin,Associated,2021,258.72098692399413,441.117549540963,76.32442430702525
Armenia,85 to 89,Both sexes,DALYs (Disability-Adjusted Life Years),Number,Mycobacterium tuberculosis,Multi-drug resistance excluding extensive drug resistance in TB,Associated,1990,0.0172717656646695,0.0580137836182704,0.0025644016143129
Armenia,85 to 89,Both sexes,DALYs (Disability-Adjusted Life Years),Number,Mycobacterium tuberculosis,Multi-drug resistance excluding extensive drug resistance in TB,Associated,1991,0.0405340074083118,0.1368685788911534,0.0060580408954269
Armenia,85 to 89,Both sexes,DALYs (Disability-Adjusted Life Years),Number,Mycobacterium tuberculosis,Multi-drug resistance excluding extensive drug resistance in TB,Associated,1992,0.08865805676413742,0.29165885618482607,0.014139722886100202
Armenia,85 to 89,Both sexes,DALYs (Disability-Adjusted Life Years),Number,Mycobacterium tuberculosis,Multi-drug resistance excluding extensive drug resistance in TB,Associated,1993,0.1920007302718514,0.6210159212768503,0.0330332792943126
Armenia,85 to 89,Both sexes,DALYs (Disability-Adjusted Life Years),Number,Mycobacterium tuberculosis,Multi-drug resistance excluding extensive drug resistance in TB,Associated,1994,0.3238403528682577,0.9919745152136858,0.0597486823663834
Armenia,85 to 89,Both sexes,DALYs (Disability-Adjusted Life Years),Number,Mycobacterium tuberculosis,Multi-drug resistance excluding extensive drug resistance in TB,Associated,1995,0.534725287017378,1.5187261126737683,0.1083146899900181
Armenia,85 to 89,Both sexes,DALYs (Disability-Adjusted Life Years),Number,Mycobacterium tuberculosis,Multi-drug resistance excluding extensive drug resistance in TB,Associated,1996,0.8294061494989404,2.1669161881322703,0.1862601285765068
Armenia,85 to 89,Both sexes,DALYs (Disability-Adjusted Life Years),Number,Mycobacterium tuberculosis,Multi-drug resistance excluding extensive drug resistance in TB,Associated,1997,1.0499472514455417,2.59264798061408,0.2613067872973428
Armenia,85 to 89,Both sexes,DALYs (Disability-Adjusted Life Years),Number,Mycobacterium tuberculosis,Multi-drug resistance excluding extensive drug resistance in TB,Associated,1998,1.2622498530254729,2.9249549965438844,0.3443802328343996
Armenia,85 to 89,Both sexes,DALYs (Disability-Adjusted Life Years),Number,Mycobacterium tuberculosis,Multi-drug resistance excluding extensive drug resistance in TB,Associated,1999,1.509089477164188,3.3682370000513826,0.4448197592721557
Armenia,85 to 89,Both sexes,DALYs (Disability-Adjusted Life Years),Number,Mycobacterium tuberculosis,Multi-drug resistance excluding extensive drug resistance in TB,Associated,2000,1.5977316645439588,3.436058316078406,0.5097494127808782
Armenia,85 to 89,Both sexes,DALYs (Disability-Adjusted Life Years),Number,Mycobacterium tuberculosis,Multi-drug resistance excluding extensive drug resistance in TB,Associated,2001,1.6838094818395184,3.4609824648036938,0.588349391283381
Armenia,85 to 89,Both sexes,DALYs (Disability-Adjusted Life Years),Number,Mycobacterium tuberculosis,Multi-drug resistance excluding extensive drug resistance in TB,Associated,2002,1.7423957194016126,3.3919843944503496,0.09280704435287546
Armenia,85 to 89,Both sexes,DALYs (Disability-Adjusted Life Years),Number,Mycobacterium tuberculosis,Multi-drug resistance excluding extensive drug resistance in TB,Associated,2003,1.8429033105932817,3.370100676355973,0.31570594483059033
Armenia,85 to 89,Both sexes,DALYs (Disability-Adjusted Life Years),Number,Mycobacterium tuberculosis,Multi-drug resistance excluding extensive drug resistance in TB,Associated,2004,1.6214285583483221,2.7886350404476383,0.4542220762490057
Armenia,85 to 89,Both sexes,DALYs (Disability-Adjusted Life Years),Number,Mycobacterium tuberculosis,Multi-drug resistance excluding extensive drug resistance in TB,Associated,2005,1.6549142174957376,2.671731430431887,0.6380970045595884
Armenia,85 to 89,Both sexes,DALYs (Disability-Adjusted Life Years),Number,Mycobacterium tuberculosis,Multi-drug resistance excluding extensive drug resistance in TB,Associated,2006,1.7555858118575653,2.697337677136683,0.8138339465784479
Armenia,85 to 89,Both sexes,DALYs (Disability-Adjusted Life Years),Number,Mycobacterium tuberculosis,Multi-drug resistance excluding extensive drug resistance in TB,Associated,2007,1.9776977238268956,2.97122726004845,0.984168187605341
Armenia,85 to 89,Both sexes,DALYs (Disability-Adjusted Life Years),Number,Mycobacterium tuberculosis,Multi-drug resistance excluding extensive drug resistance in TB,Associated,2008,1.9827648134334432,2.9922913178860977,0.9732383089807886
Armenia,85 to 89,Both sexes,DALYs (Disability-Adjusted Life Years),Number,Mycobacterium tuberculosis,Multi-drug resistance excluding extensive drug resistance in TB,Associated,2009,2.334892983766266,3.610324438562949,1.0594615289695832
Armenia,85 to 89,Both sexes,DALYs (Disability-Adjusted Life Years),Number,Mycobacterium tuberculosis,Multi-drug resistance excluding extensive drug resistance in TB,Associated,2010,2.9332293495218607,4.667323661117043,1.1991350379266783
Armenia,85 to 89,Both sexes,DALYs (Disability-Adjusted Life Years),Number,Mycobacterium tuberculosis,Multi-drug resistance excluding extensive drug resistance in TB,Associated,2011,3.2952871023948758,5.325679359170316,1.2648948456194353
Armenia,85 to 89,Both sexes,DALYs (Disability-Adjusted Life Years),Number,Mycobacterium tuberculosis,Multi-drug resistance excluding extensive drug resistance in TB,Associated,2012,3.3817418753533,5.652999173707104,1.1104845769994958
Armenia,85 to 89,Both sexes,DALYs (Disability-Adjusted Life Years),Number,Mycobacterium tuberculosis,Multi-drug resistance excluding extensive drug resistance in TB,Associated,2013,3.6713130854575313,6.317493478984365,1.0251326919306978
Armenia,85 to 89,Both sexes,DALYs (Disability-Adjusted Life Years),Number,Mycobacterium tuberculosis,Multi-drug resistance excluding extensive drug resistance in TB,Associated,2014,3.969593394264822,7.113212973874659,0.8259738146549847
Armenia,85 to 89,Both sexes,DALYs (Disability-Adjusted Life Years),Number,Mycobacterium tuberculosis,Multi-drug resistance excluding extensive drug resistance in TB,Associated,2015,3.9691439674465467,7.3265731642470495,0.611714770646044
Armenia,85 to 89,Both sexes,DALYs (Disability-Adjusted Life Years),Number,Mycobacterium tuberculosis,Multi-drug resistance excluding extensive drug resistance in TB,Associated,2016,3.8205422173597428,7.176655701336687,0.4644287333827992
Armenia,85 to 89,Both sexes,DALYs (Disability-Adjusted Life Years),Number,Mycobacterium tuberculosis,Multi-drug resistance excluding extensive drug resistance in TB,Associated,2017,3.091444812262031,5.9009922894247,0.28189733509936277
Armenia,85 to 89,Both sexes,DALYs (Disability-Adjusted Life Years),Number,Mycobacterium tuberculosis,Multi-drug resistance excluding extensive drug resistance in TB,Associated,2018,2.667571269895268,5.178299498425297,0.15684304136523952
Armenia,85 to 89,Both sexes,DALYs (Disability-Adjusted Life Years),Number,Mycobacterium tuberculosis,Multi-drug resistance excluding extensive drug resistance in TB,Associated,2019,2.3869490867016983,4.702390449769961,0.07150772363343583
Armenia,85 to 89,Both sexes,DALYs (Disability-Adjusted Life Years),Number,Mycobacterium tuberculosis,Multi-drug resistance excluding extensive drug resistance in TB,Associated,2020,2.754274557677718,5.416360516806479,0.09218859854895722
Armenia,85 to 89,Both sexes,DALYs (Disability-Adjusted Life Years),Number,Mycobacterium tuberculosis,Multi-drug resistance excluding extensive drug resistance in TB,Associated,2021,2.542376776999065,5.038849265325702,0.045904288672427906
Armenia,85 to 89,Both sexes,DALYs (Disability-Adjusted Life Years),Number,Group B Streptococcus,Penicillin,Associated,1990,1.130311875793293,2.325085071160273,0.4264996253049501
Armenia,85 to 89,Both sexes,DALYs (Disability-Adjusted Life Years),Number,Group B Streptococcus,Penicillin,Associated,1991,1.21055644269585,2.6420587875752144,0.4452858211596712
Armenia,85 to 89,Both sexes,DALYs (Disability-Adjusted Life Years),Number,Group B Streptococcus,Penicillin,Associated,1992,1.4147799417975606,2.9085408133436044,0.5380333055016409
Armenia,85 to 89,Both sexes,DALYs (Disability-Adjusted Life Years),Number,Group B Streptococcus,Penicillin,Associated,1993,1.1999158645668058,2.4627589234362497,0.46427859228959734
Armenia,85 to 89,Both sexes,DALYs (Disability-Adjusted Life Years),Number,Group B Streptococcus,Penicillin,Associated,1994,1.0741606210775743,2.145749903259701,0.0025713388954473615
Armenia,85 to 89,Both sexes,DALYs (Disability-Adjusted Life Years),Number,Group B Streptococcus,Penicillin,Associated,1995,1.4154429973321476,2.824095251685799,0.006790742978495912
Armenia,85 to 89,Both sexes,DALYs (Disability-Adjusted Life Years),Number,Group B Streptococcus,Penicillin,Associated,1996,1.1308647071193585,2.217111417852929,0.044617996385787784
Armenia,85 to 89,Both sexes,DALYs (Disability-Adjusted Life Years),Number,Group B Streptococcus,Penicillin,Associated,1997,1.092530767651823,2.1858752728783184,0.4345087375747418
Armenia,85 to 89,Both sexes,DALYs (Disability-Adjusted Life Years),Number,Group B Streptococcus,Penicillin,Associated,1998,1.14779001943355,2.352824029669131,0.4458158322487521
Armenia,85 to 89,Both sexes,DALYs (Disability-Adjusted Life Years),Number,Group B Streptococcus,Penicillin,Associated,1999,0.9603437621342932,1.8729252404093562,0.047762283859230203
Armenia,85 to 89,Both sexes,DALYs (Disability-Adjusted Life Years),Number,Group B Streptococcus,Penicillin,Associated,2000,1.2153948621423758,2.3116843865823804,0.1191053377023712
Armenia,85 to 89,Both sexes,DALYs (Disability-Adjusted Life Years),Number,Group B Streptococcus,Penicillin,Associated,2001,1.0987182947475858,2.1810055779178237,0.016431011577348054
Armenia,85 to 89,Both sexes,DALYs (Disability-Adjusted Life Years),Number,Group B Streptococcus,Penicillin,Associated,2002,1.203965666268679,2.3528747155619953,0.05505661697536279
Armenia,85 to 89,Both sexes,DALYs (Disability-Adjusted Life Years),Number,Group B Streptococcus,Penicillin,Associated,2003,0.9498486679232689,1.799088862439072,0.10060847340746593
Armenia,85 to 89,Both sexes,DALYs (Disability-Adjusted Life Years),Number,Group B Streptococcus,Penicillin,Associated,2004,1.1483173077823756,2.1993140277913406,0.09732058777341068
Armenia,85 to 89,Both sexes,DALYs (Disability-Adjusted Life Years),Number,Group B Streptococcus,Penicillin,Associated,2005,1.1284295217278513,2.1264199628338254,0.13043908062187737
Armenia,85 to 89,Both sexes,DALYs (Disability-Adjusted Life Years),Number,Group B Streptococcus,Penicillin,Associated,2006,1.2397006924591054,2.297666092733941,0.18173529218426987
Armenia,85 to 89,Both sexes,DALYs (Disability-Adjusted Life Years),Number,Group B Streptococcus,Penicillin,Associated,2007,1.2535665416451194,2.37097274599073,0.1361603372995086
Armenia,85 to 89,Both sexes,DALYs (Disability-Adjusted Life Years),Number,Group B Streptococcus,Penicillin,Associated,2008,1.399299497478527,2.617167735523439,0.18143125943361538
Armenia,85 to 89,Both sexes,DALYs (Disability-Adjusted Life Years),Number,Group B Streptococcus,Penicillin,Associated,2009,2.0806190163970744,3.8832529336216792,0.2779850991724695
Armenia,85 to 89,Both sexes,DALYs (Disability-Adjusted Life Years),Number,Group B Streptococcus,Penicillin,Associated,2010,2.3469318495325666,4.4527162567358705,0.24114744232926277
Armenia,85 to 89,Both sexes,DALYs (Disability-Adjusted Life Years),Number,Group B Streptococcus,Penicillin,Associated,2011,2.36648737417819,4.592226100163705,0.14074864819267496
Armenia,85 to 89,Both sexes,DALYs (Disability-Adjusted Life Years),Number,Group B Streptococcus,Penicillin,Associated,2012,3.1294892630019184,6.019162647877812,0.23981587812602445
Armenia,85 to 89,Both sexes,DALYs (Disability-Adjusted Life Years),Number,Group B Streptococcus,Penicillin,Associated,2013,3.9629209384591446,7.640830588422025,0.2850112884962641
Armenia,85 to 89,Both sexes,DALYs (Disability-Adjusted Life Years),Number,Group B Streptococcus,Penicillin,Associated,2014,4.599689351276609,9.060733766357766,0.13864493619545293
Armenia,85 to 89,Both sexes,DALYs (Disability-Adjusted Life Years),Number,Group B Streptococcus,Penicillin,Associated,2015,5.062027759381108,9.962112771447622,0.16194274731459402
Armenia,85 to 89,Both sexes,DALYs (Disability-Adjusted Life Years),Number,Group B Streptococcus,Penicillin,Associated,2016,5.546573960624093,10.76099013510767,0.33215778614051494
Armenia,85 to 89,Both sexes,DALYs (Disability-Adjusted Life Years),Number,Group B Streptococcus,Penicillin,Associated,2017,4.529209669069108,8.875030013238042,0.18338932490017523
Armenia,85 to 89,Both sexes,DALYs (Disability-Adjusted Life Years),Number,Group B Streptococcus,Penicillin,Associated,2018,4.443720525264534,8.671602539724628,0.21583851080444028
Armenia,85 to 89,Both sexes,DALYs (Disability-Adjusted Life Years),Number,Group B Streptococcus,Penicillin,Associated,2019,4.33410161900315,8.41860394413521,0.24959929387108826
Armenia,85 to 89,Both sexes,DALYs (Disability-Adjusted Life Years),Number,Group B Streptococcus,Penicillin,Associated,2020,4.40730600946784,8.325217179437,0.48939483949868023
Armenia,85 to 89,Both sexes,DALYs (Disability-Adjusted Life Years),Number,Group B Streptococcus,Penicillin,Associated,2021,4.471657877027516,8.697966089801927,0.245349664253105
Armenia,85 to 89,Both sexes,DALYs (Disability-Adjusted Life Years),Number,Enterococcus faecium,Vancomycin,Associated,1990,0.6607833180953429,1.2836745670551846,0.03789206913550114
Armenia,85 to 89,Both sexes,DALYs (Disability-Adjusted Life Years),Number,Enterococcus faecium,Vancomycin,Associated,1991,0.7394166124511153,1.5258017840310676,0.29274041203812384
Armenia,85 to 89,Both sexes,DALYs (Disability-Adjusted Life Years),Number,Enterococcus faecium,Vancomycin,Associated,1992,0.8232388132127353,1.6185414830544036,0.02793614337106709
Armenia,85 to 89,Both sexes,DALYs (Disability-Adjusted Life Years),Number,Enterococcus faecium,Vancomycin,Associated,1993,0.8620064620192185,1.6669962610202451,0.05701666301819186
Armenia,85 to 89,Both sexes,DALYs (Disability-Adjusted Life Years),Number,Enterococcus faecium,Vancomycin,Associated,1994,0.8497523542422897,1.6046540805718421,0.09485062791273724
Armenia,85 to 89,Both sexes,DALYs (Disability-Adjusted Life Years),Number,Enterococcus faecium,Vancomycin,Associated,1995,0.7775828697592229,1.4987505380955324,0.05641520142291345
Armenia,85 to 89,Both sexes,DALYs (Disability-Adjusted Life Years),Number,Enterococcus faecium,Vancomycin,Associated,1996,0.7997388357034826,1.4986065914615674,0.1008710799453979
Armenia,85 to 89,Both sexes,DALYs (Disability-Adjusted Life Years),Number,Enterococcus faecium,Vancomycin,Associated,1997,0.77369794611748,1.4515176106670065,0.09587828156795353
Armenia,85 to 89,Both sexes,DALYs (Disability-Adjusted Life Years),Number,Enterococcus faecium,Vancomycin,Associated,1998,0.8543890190903913,1.6604484328822888,0.04832960529849384
Armenia,85 to 89,Both sexes,DALYs (Disability-Adjusted Life Years),Number,Enterococcus faecium,Vancomycin,Associated,1999,1.054280977489595,1.943696124391332,0.16486583058785775
Armenia,85 to 89,Both sexes,DALYs (Disability-Adjusted Life Years),Number,Enterococcus faecium,Vancomycin,Associated,2000,1.1601240911229111,2.0886006640957104,0.23164751815011175
Armenia,85 to 89,Both sexes,DALYs (Disability-Adjusted Life Years),Number,Enterococcus faecium,Vancomycin,Associated,2001,1.3494875110084614,2.5336370103513612,0.1653380116655614
Armenia,85 to 89,Both sexes,DALYs (Disability-Adjusted Life Years),Number,Enterococcus faecium,Vancomycin,Associated,2002,1.1722258925841553,2.184523805657194,0.15992797951111704
Armenia,85 to 89,Both sexes,DALYs (Disability-Adjusted Life Years),Number,Enterococcus faecium,Vancomycin,Associated,2003,1.1438592337049922,2.0710940593379332,0.2166244080720512
Armenia,85 to 89,Both sexes,DALYs (Disability-Adjusted Life Years),Number,Enterococcus faecium,Vancomycin,Associated,2004,1.2893815931365669,2.354738706365146,0.2240244799079878
Armenia,85 to 89,Both sexes,DALYs (Disability-Adjusted Life Years),Number,Enterococcus faecium,Vancomycin,Associated,2005,1.9759811817599777,3.471823007236873,0.48013935628308224
Armenia,85 to 89,Both sexes,DALYs (Disability-Adjusted Life Years),Number,Enterococcus faecium,Vancomycin,Associated,2006,2.428122784462863,4.195454129435908,0.6607914394898176
Armenia,85 to 89,Both sexes,DALYs (Disability-Adjusted Life Years),Number,Enterococcus faecium,Vancomycin,Associated,2007,2.810623166933909,4.948795050668917,0.6724512831989009
Armenia,85 to 89,Both sexes,DALYs (Disability-Adjusted Life Years),Number,Enterococcus faecium,Vancomycin,Associated,2008,3.509057912286095,6.031022251966697,0.9870935726054926
Armenia,85 to 89,Both sexes,DALYs (Disability-Adjusted Life Years),Number,Enterococcus faecium,Vancomycin,Associated,2009,4.114922875862621,7.092082293002019,1.1377634587232226
Armenia,85 to 89,Both sexes,DALYs (Disability-Adjusted Life Years),Number,Enterococcus faecium,Vancomycin,Associated,2010,4.772338462529028,8.285257809653329,1.2594191154047274
Armenia,85 to 89,Both sexes,DALYs (Disability-Adjusted Life Years),Number,Enterococcus faecium,Vancomycin,Associated,2011,6.428282645611846,11.288102607811439,1.5684626834122533
Armenia,85 to 89,Both sexes,DALYs (Disability-Adjusted Life Years),Number,Enterococcus faecium,Vancomycin,Associated,2012,9.56484483786837,16.294291890588944,2.8353977851477925
Armenia,85 to 89,Both sexes,DALYs (Disability-Adjusted Life Years),Number,Enterococcus faecium,Vancomycin,Associated,2013,12.590504580252826,21.474095323750113,3.7069138367555414
Armenia,85 to 89,Both sexes,DALYs (Disability-Adjusted Life Years),Number,Enterococcus faecium,Vancomycin,Associated,2014,14.883900191802912,25.842528744962973,3.925271638642851
Armenia,85 to 89,Both sexes,DALYs (Disability-Adjusted Life Years),Number,Enterococcus faecium,Vancomycin,Associated,2015,16.969544726503788,28.815529582746954,5.123559870260623
Armenia,85 to 89,Both sexes,DALYs (Disability-Adjusted Life Years),Number,Enterococcus faecium,Vancomycin,Associated,2016,15.637157863400786,26.821699326251085,4.452616400550486
Armenia,85 to 89,Both sexes,DALYs (Disability-Adjusted Life Years),Number,Enterococcus faecium,Vancomycin,Associated,2017,15.05945522006163,25.772351676986425,4.346558763136832
Armenia,85 to 89,Both sexes,DALYs (Disability-Adjusted Life Years),Number,Enterococcus faecium,Vancomycin,Associated,2018,13.019776105977769,22.3702627615789,3.66928945037664
Armenia,85 to 89,Both sexes,DALYs (Disability-Adjusted Life Years),Number,Enterococcus faecium,Vancomycin,Associated,2019,11.383663081884048,19.490217771344412,3.2771083924236866
Armenia,85 to 89,Both sexes,DALYs (Disability-Adjusted Life Years),Number,Enterococcus faecium,Vancomycin,Associated,2020,12.49703554395818,20.636986988767394,4.357084099148967
Armenia,85 to 89,Both sexes,DALYs (Disability-Adjusted Life Years),Number,Enterococcus faecium,Vancomycin,Associated,2021,15.226924169815597,25.325141542397162,5.128706797234029